1 0.7421875 0.31875 0.240625 0.296875
1 0.553125 0.24296875 0.203125 0.209375
1 0.83046875 0.55703125 0.23125 0.3359375
1 0.625 0.7015625 0.203125 0.246875
1 0.3203125 0.06328125 0.209375 0.1265625
1 0.64453125 0.94453125 0.1484375 0.1109375
1 0.3390625 0.8078125 0.2515625 0.2640625
1 0.4890625 0.80703125 0.18125 0.225
1 0.11171875 0.31015625 0.20625 0.2625
1 0.9171875 0.25625 0.165625 0.2625
1 0.828125 0.9484375 0.15625 0.103125
2 0.44296875 0.5109375 0.390625 0.4296875
1 0.24609375 0.434375 0.203125 0.209375
1 0.26015625 0.6921875 0.2453125 0.26875