1 0.640625 0.66953125 0.1609375 0.2421875
1 0.69765625 0.13671875 0.1828125 0.20625
1 0.75625 0.51796875 0.1921875 0.2453125
1 0.803125 0.30703125 0.184375 0.175
1 0.15625 0.10234375 0.1546875 0.190625
1 0.075 0.42265625 0.15 0.2046875
1 0.07734375 0.64375 0.153125 0.2046875
1 0.525 0.84140625 0.1984375 0.2375
1 0.37421875 0.6609375 0.171875 0.23125
1 0.2203125 0.70859375 0.171875 0.23125
1 0.2625 0.82265625 0.171875 0.23125
1 0.9390625 0.52734375 0.121875 0.2109375
1 0.2265625 0.46484375 0.1515625 0.203125
2 0.45 0.41015625 0.3546875 0.465625