2 0.39375 0.25234375 0.3375 0.49140625
1 0.60859375 0.38046875 0.1171875 0.20234375
1 0.625 0.14375 0.146875 0.24140625
1 0.7640625 0.24609375 0.15625 0.17109375
1 0.91640625 0.196875 0.1578125 0.20234375
1 0.75859375 0.07734375 0.1609375 0.15390625
1 0.72734375 0.85 0.1734375 0.20859375
1 0.4984375 0.92421875 0.16875 0.14765625
1 0.10390625 0.91015625 0.2078125 0.175
1 0.07890625 0.67578125 0.1578125 0.22265625
1 0.17578125 0.23828125 0.1609375 0.22265625
1 0.46640625 0.528125 0.1609375 0.22265625
1 0.22890625 0.71796875 0.1765625 0.18984375
1 0.9390625 0.39375 0.11875 0.20859375
0 0.4890625 0.81328125 0.071875 0.07734375
1 0.66796875 0.52265625 0.1734375 0.20859375