1 0.60078125 0.62734375 0.2015625 0.228125
1 0.83828125 0.453125 0.215625 0.234375
1 0.66953125 0.421875 0.2625 0.284375
1 0.35859375 0.72734375 0.225 0.2671875
1 0.203125 0.77890625 0.225 0.246875
1 0.33671875 0.32421875 0.209375 0.234375
1 0.20078125 0.32734375 0.209375 0.234375
1 0.25078125 0.51328125 0.209375 0.234375
1 0.66171875 0.2125 0.209375 0.234375
1 0.7953125 0.15234375 0.2171875 0.253125
1 0.04453125 0.27890625 0.0890625 0.2296875
1 0.6328125 0.8734375 0.1953125 0.2171875
2 0.440625 0.146875 0.3875 0.29375
0 0.853125 0.05078125 0.071875 0.0921875
0 0.31015625 0.93671875 0.075 0.08125