1 0.90234375 0.2796875 0.1953125 0.26875
1 0.43359375 0.7421875 0.1765625 0.2328125
1 0.590625 0.8828125 0.2171875 0.2203125
1 0.28828125 0.76484375 0.19375 0.221875
1 0.415625 0.09921875 0.19375 0.1984375
1 0.31953125 0.43046875 0.19375 0.221875
1 0.31328125 0.53046875 0.19375 0.221875
1 0.1015625 0.67578125 0.203125 0.2890625
1 0.71015625 0.86640625 0.1765625 0.2390625
1 0.6890625 0.20078125 0.1765625 0.2390625
1 0.26953125 0.2125 0.2078125 0.2390625
0 0.4578125 0.31015625 0.065625 0.071875
0 0.540625 0.19921875 0.0671875 0.0859375
0 0.81875 0.8171875 0.0765625 0.09375
2 0.7296875 0.528125 0.4203125 0.528125