1 0.1921875 0.54921875 0.2265625 0.2390625
1 0.378125 0.77734375 0.1828125 0.221875
1 0.48359375 0.8921875 0.1828125 0.215625
1 0.75234375 0.5484375 0.1828125 0.221875
1 0.63671875 0.884375 0.1828125 0.221875
1 0.20625 0.17265625 0.1828125 0.221875
1 0.32421875 0.1140625 0.1828125 0.2171875
1 0.06484375 0.68984375 0.115625 0.209375
1 0.4859375 0.33515625 0.115625 0.209375
1 0.58046875 0.6953125 0.1765625 0.196875
1 0.925 0.8328125 0.15 0.253125
0 0.23203125 0.65859375 0.0671875 0.0796875
2 0.85859375 0.096875 0.2140625 0.19375