1 0.8734375 0.18671875 0.2359375 0.2234375
1 0.6640625 0.70234375 0.2375 0.24375
1 0.44921875 0.4328125 0.225 0.215625
1 0.29921875 0.2671875 0.18125 0.2359375
1 0.246875 0.07734375 0.1875 0.1546875
1 0.46484375 0.21328125 0.196875 0.2296875
1 0.58359375 0.28203125 0.225 0.2703125
1 0.65078125 0.49609375 0.196875 0.2296875
1 0.084375 0.825 0.16875 0.25625
1 0.7953125 0.53203125 0.184375 0.2296875
1 0.61015625 0.90078125 0.1953125 0.1984375
1 0.06015625 0.57265625 0.1203125 0.2890625
2 0.33515625 0.7171875 0.43125 0.5