1 0.62421875 0.51328125 0.18125 0.18125
1 0.47109375 0.36015625 0.18125 0.18125
1 0.45078125 0.5375 0.1734375 0.2078125
1 0.42109375 0.90546875 0.171875 0.1890625
1 0.22421875 0.8765625 0.178125 0.2265625
1 0.5421875 0.7734375 0.1921875 0.221875
1 0.84921875 0.859375 0.1890625 0.215625
1 0.1015625 0.2828125 0.1734375 0.2078125
1 0.4265625 0.1328125 0.1734375 0.2078125
1 0.8390625 0.715625 0.1734375 0.2078125
1 0.72265625 0.9359375 0.1140625 0.128125
1 0.10625 0.0703125 0.134375 0.140625
1 0.30703125 0.325 0.14375 0.178125
1 0.28984375 0.1140625 0.1234375 0.165625
2 0.60390625 0.16484375 0.246875 0.253125
0 0.6 0.33515625 0.071875 0.096875
0 0.40703125 0.76953125 0.071875 0.096875