1 0.59375 0.746875 0.2171875 0.234375
1 0.846875 0.678125 0.2171875 0.234375
1 0.81953125 0.55546875 0.2171875 0.234375
1 0.7234375 0.34375 0.2109375 0.2
1 0.3671875 0.50703125 0.175 0.2359375
1 0.20078125 0.43671875 0.175 0.2359375
1 0.15546875 0.8375 0.175 0.2359375
1 0.38515625 0.09921875 0.18125 0.190625
1 0.41640625 0.70625 0.18125 0.2078125
1 0.5015625 0.3140625 0.1921875 0.2296875
1 0.89453125 0.1453125 0.1546875 0.2515625
1 0.07265625 0.19921875 0.1453125 0.2359375
2 0.65859375 0.15078125 0.3703125 0.3015625