1 0.61875 0.3375 0.1765625 0.2078125
1 0.3703125 0.76171875 0.215625 0.2671875
1 0.359375 0.209375 0.2359375 0.2859375
1 0.290625 0.07265625 0.146875 0.1453125
1 0.5734375 0.146875 0.1984375 0.25
1 0.79453125 0.34296875 0.171875 0.215625
1 0.86328125 0.8203125 0.20625 0.246875
1 0.9203125 0.6171875 0.159375 0.225
1 0.77734375 0.621875 0.178125 0.2203125
1 0.925 0.3953125 0.15 0.221875
1 0.721875 0.9546875 0.175 0.090625
1 0.72421875 0.80390625 0.1921875 0.228125
1 0.09375 0.3734375 0.1875 0.2625
1 0.54375 0.43359375 0.1953125 0.240625
2 0.19921875 0.55 0.3984375 0.5
0 0.4515625 0.2765625 0.0765625 0.0875