1 0.73125 0.63984375 0.2 0.271875
1 0.653125 0.453125 0.184375 0.2515625
1 0.88203125 0.80546875 0.1859375 0.2375
1 0.32109375 0.86953125 0.1859375 0.2375
1 0.23046875 0.884375 0.1859375 0.23125
1 0.26328125 0.64375 0.1859375 0.2375
1 0.12265625 0.634375 0.1859375 0.2375
1 0.24765625 0.42421875 0.2078125 0.253125
1 0.284375 0.29765625 0.2078125 0.253125
1 0.8453125 0.396875 0.1796875 0.2359375
1 0.75625 0.1046875 0.2125 0.209375
1 0.08671875 0.3015625 0.1734375 0.21875
2 0.5484375 0.725 0.3734375 0.44375
0 0.39375 0.32578125 0.0609375 0.075
0 0.93125 0.53671875 0.06875 0.0859375