1 0.178125 0.22578125 0.15625 0.28125
1 0.67109375 0.08515625 0.1796875 0.1703125
1 0.44609375 0.1125 0.1859375 0.21640625
1 0.85234375 0.37265625 0.1859375 0.21640625
1 0.36484375 0.70625 0.1859375 0.21640625
1 0.2375 0.90078125 0.184375 0.19375
1 0.56953125 0.84765625 0.1703125 0.2375
1 0.1578125 0.65703125 0.165625 0.18125
1 0.340625 0.27109375 0.16875 0.225
1 0.275 0.478125 0.221875 0.26015625
1 0.81171875 0.91171875 0.1703125 0.17265625
1 0.93359375 0.528125 0.1296875 0.21875
2 0.56015625 0.5125 0.3328125 0.43359375
0 0.1375 0.06875 0.059375 0.07890625