1 0.88125 0.415625 0.175 0.22265625
1 0.746875 0.41875 0.109375 0.23359375
1 0.625 0.56796875 0.175 0.22734375
1 0.540625 0.815625 0.1875 0.21875
1 0.06640625 0.41328125 0.1328125 0.18984375
1 0.5390625 0.27421875 0.134375 0.18984375
1 0.659375 0.11796875 0.134375 0.18984375
1 0.9375 0.62421875 0.11875 0.20625
1 0.20546875 0.10234375 0.1546875 0.20390625
1 0.16640625 0.278125 0.1734375 0.19375
2 0.14609375 0.71328125 0.2890625 0.40234375
0 0.9375 0.91328125 0.06875 0.06875
1 0.5609375 0.74453125 0.153125 0.14765625
1 0.359375 0.5125 0.178125 0.15