1 0.534375 0.35 0.1765625 0.2046875
1 0.69296875 0.88984375 0.1765625 0.203125
1 0.35 0.68984375 0.18125 0.240625
1 0.140625 0.66953125 0.2140625 0.2703125
1 0.6234375 0.6953125 0.1921875 0.225
1 0.91875 0.70390625 0.1625 0.2203125
1 0.3625 0.4578125 0.178125 0.25
1 0.7921875 0.5078125 0.2 0.2734375
1 0.15703125 0.24765625 0.2 0.2609375
1 0.71953125 0.0890625 0.1765625 0.178125
0 0.7109375 0.2609375 0.0921875 0.096875
0 0.6234375 0.43203125 0.075 0.0953125
0 0.4203125 0.33515625 0.078125 0.1015625
2 0.37734375 0.14375 0.2703125 0.2859375