1 0.653125 0.790625 0.1921875 0.234375
1 0.30546875 0.4390625 0.2046875 0.240625
1 0.47734375 0.68359375 0.1640625 0.21875
1 0.56953125 0.56328125 0.209375 0.2796875
1 0.35546875 0.7890625 0.175 0.2375
1 0.75546875 0.4265625 0.2390625 0.2625
1 0.82265625 0.73671875 0.2421875 0.2828125
1 0.1453125 0.52890625 0.234375 0.1984375
1 0.17734375 0.0921875 0.1921875 0.184375
1 0.065625 0.83203125 0.13125 0.1984375
1 0.240625 0.74453125 0.1984375 0.2625
1 0.50390625 0.91484375 0.2046875 0.1703125
1 0.95859375 0.24765625 0.0828125 0.2578125
2 0.49140625 0.22734375 0.4453125 0.4546875