2 0.8765625 0.53046875 0.246875 0.3328125
1 0.74921875 0.403125 0.2125 0.2796875
1 0.67265625 0.69296875 0.165625 0.240625
1 0.59921875 0.66953125 0.165625 0.240625
1 0.584375 0.81328125 0.140625 0.196875
1 0.50859375 0.3265625 0.1828125 0.2453125
1 0.49453125 0.08515625 0.1921875 0.1703125
1 0.43984375 0.0796875 0.1921875 0.159375
1 0.36171875 0.3703125 0.1890625 0.2359375
1 0.2171875 0.44453125 0.1890625 0.2359375
1 0.43828125 0.52109375 0.21875 0.2453125
1 0.290625 0.0796875 0.1875 0.159375
1 0.9546875 0.31328125 0.090625 0.2328125
1 0.89453125 0.81875 0.1515625 0.28125
1 0.35703125 0.89609375 0.2328125 0.203125
1 0.1703125 0.33515625 0.1890625 0.2359375
1 0.21015625 0.2515625 0.1890625 0.2359375
1 0.25078125 0.1390625 0.1890625 0.2359375
1 0.128125 0.09453125 0.14375 0.1890625
1 0.075 0.75625 0.15 0.321875
1 0.165625 0.740625 0.2234375 0.2875
0 0.37734375 0.74609375 0.0828125 0.10625
0 0.28671875 0.73828125 0.0828125 0.10625
0 0.42109375 0.8984375 0.0828125 0.10625
1 0.44375 0.6265625 0.2109375 0.25