1 0.81953125 0.9 0.2203125 0.2
1 0.81484375 0.70390625 0.2671875 0.3296875
1 0.85234375 0.5375 0.2171875 0.228125
1 0.73046875 0.53671875 0.1640625 0.2875
1 0.95234375 0.1828125 0.0953125 0.1875
1 0.5796875 0.2203125 0.209375 0.2609375
1 0.425 0.09609375 0.171875 0.1921875
1 0.6921875 0.34453125 0.20625 0.215625
1 0.5890625 0.584375 0.221875 0.2203125
1 0.59453125 0.8078125 0.228125 0.271875
1 0.4859375 0.7875 0.228125 0.271875
1 0.3015625 0.71796875 0.234375 0.2984375
1 0.84921875 0.29609375 0.1796875 0.2953125
1 0.928125 0.375 0.14375 0.221875
1 0.80078125 0.178125 0.2 0.2578125
1 0.096875 0.39296875 0.19375 0.3109375
1 0.1046875 0.85546875 0.209375 0.1640625
0 0.19765625 0.70625 0.0828125 0.1078125
2 0.353125 0.43984375 0.4421875 0.4890625