2 0.63828125 0.79296875 0.3640625 0.4140625
1 0.44921875 0.6328125 0.2265625 0.284375
1 0.26484375 0.65390625 0.2265625 0.284375
1 0.4703125 0.36015625 0.2265625 0.284375
1 0.6671875 0.3625 0.215625 0.2671875
1 0.53203125 0.13046875 0.2515625 0.2609375
1 0.11171875 0.47578125 0.2234375 0.2828125
1 0.9046875 0.1609375 0.190625 0.175
1 0.74921875 0.95078125 0.1953125 0.0984375
1 0.8546875 0.678125 0.18125 0.225
1 0.0765625 0.8265625 0.153125 0.184375
1 0.1 0.2640625 0.14375 0.1890625
1 0.1859375 0.09765625 0.225 0.1953125
1 0.90546875 0.525 0.1890625 0.265625
0 0.79453125 0.4125 0.0828125 0.1125
1 0.278125 0.84296875 0.24375 0.2671875
1 0.61953125 0.43359375 0.1875 0.2015625
1 0.65546875 0.49765625 0.1875 0.2015625