1 0.30390625 0.42578125 0.175 0.2375
1 0.084375 0.60234375 0.16875 0.2359375
1 0.2234375 0.7828125 0.18125 0.259375
1 0.678125 0.809375 0.175 0.21875
1 0.64765625 0.371875 0.178125 0.25625
1 0.4921875 0.36328125 0.1796875 0.240625
1 0.6328125 0.56953125 0.1890625 0.2453125
1 0.73984375 0.56484375 0.1890625 0.2453125
1 0.82578125 0.82890625 0.1890625 0.2453125
1 0.50859375 0.06796875 0.1734375 0.1359375
1 0.09375 0.28671875 0.1875 0.2453125
1 0.67734375 0.07421875 0.1796875 0.1484375
1 0.79296875 0.05 0.1765625 0.1
2 0.40625 0.7046875 0.34375 0.428125