1 0.0984375 0.52578125 0.175 0.18515625
1 0.29609375 0.74921875 0.1671875 0.22265625
1 0.1515625 0.69765625 0.13125 0.29140625
1 0.6328125 0.64140625 0.184375 0.21640625
1 0.48515625 0.76796875 0.1703125 0.17265625
1 0.4484375 0.50703125 0.1375 0.28515625
1 0.57109375 0.446875 0.1671875 0.22265625
1 0.89609375 0.64296875 0.1828125 0.22265625
1 0.90078125 0.321875 0.1828125 0.22265625
1 0.47265625 0.921875 0.1859375 0.15234375
1 0.2984375 0.51875 0.19375 0.17890625
1 0.17265625 0.25078125 0.1921875 0.21875
1 0.703125 0.53203125 0.1375 0.17265625
1 0.8109375 0.06796875 0.1375 0.13515625
1 0.640625 0.86640625 0.15 0.2625
0 0.79609375 0.16875 0.0765625 0.08359375
2 0.471875 0.19296875 0.34375 0.38515625