1 0.3 0.31875 0.15625 0.24609375
1 0.340625 0.51640625 0.14375 0.22890625
1 0.18359375 0.12734375 0.1484375 0.2125
1 0.74609375 0.17109375 0.1484375 0.2125
1 0.83828125 0.17109375 0.1484375 0.2125
1 0.76015625 0.40390625 0.1484375 0.2125
1 0.89609375 0.43984375 0.1484375 0.2125
1 0.73359375 0.62265625 0.1671875 0.225
1 0.67265625 0.73984375 0.1671875 0.225
1 0.14140625 0.53515625 0.1421875 0.2125
1 0.16953125 0.85859375 0.1734375 0.22109375
1 0.878125 0.775 0.159375 0.19140625
2 0.4953125 0.26953125 0.303125 0.39375
0 0.57109375 0.69140625 0.0484375 0.06640625
0 0.08359375 0.38203125 0.0546875 0.07734375