1 0.83828125 0.61953125 0.1734375 0.2453125
1 0.60859375 0.33515625 0.2265625 0.2546875
1 0.13046875 0.44375 0.175 0.234375
1 0.25234375 0.515625 0.1984375 0.2421875
1 0.41640625 0.1046875 0.2234375 0.209375
1 0.58046875 0.08671875 0.2171875 0.1734375
1 0.77265625 0.1171875 0.165625 0.1703125
1 0.903125 0.12421875 0.1421875 0.1359375
1 0.70390625 0.7703125 0.1765625 0.1953125
1 0.51484375 0.9125 0.1984375 0.175
1 0.68515625 0.94140625 0.1828125 0.1171875
1 0.29375 0.8984375 0.1828125 0.16875
1 0.22421875 0.10703125 0.1609375 0.2140625
1 0.3640625 0.2828125 0.178125 0.2140625
1 0.14296875 0.66640625 0.19375 0.2265625
2 0.5078125 0.64453125 0.3453125 0.4359375
0 0.92421875 0.43203125 0.13125 0.1484375