1 0.36640625 0.3140625 0.259375 0.2140625
1 0.36953125 0.634375 0.1734375 0.1984375
1 0.6046875 0.71484375 0.18125 0.2015625
1 0.51484375 0.590625 0.18125 0.2015625
1 0.259375 0.66484375 0.1859375 0.2515625
1 0.7 0.52890625 0.1828125 0.23125
1 0.4984375 0.1734375 0.18125 0.2015625
1 0.40078125 0.1109375 0.18125 0.2015625
1 0.2546875 0.17421875 0.1921875 0.25
1 0.91796875 0.56640625 0.1640625 0.2046875
1 0.96640625 0.18125 0.0671875 0.225
1 0.84453125 0.925 0.1828125 0.15
1 0.08125 0.36640625 0.1546875 0.1921875
1 0.0546875 0.67890625 0.109375 0.1921875
1 0.11328125 0.87421875 0.171875 0.1578125
1 0.78515625 0.39921875 0.1875 0.2375
2 0.7359375 0.13984375 0.259375 0.246875
0 0.91796875 0.475 0.053125 0.0609375