2 0.33671875 0.471875 0.3359375 0.38984375
1 0.7484375 0.58828125 0.15 0.17265625
1 0.8703125 0.31796875 0.15 0.17265625
1 0.8390625 0.86875 0.175 0.2375
1 0.18671875 0.68125 0.1421875 0.19609375
1 0.14296875 0.06328125 0.1703125 0.1265625
1 0.528125 0.16875 0.159375 0.20390625
1 0.73125 0.259375 0.18125 0.24765625
1 0.07890625 0.28984375 0.1578125 0.24140625
1 0.0625 0.68046875 0.125 0.18515625
1 0.06015625 0.73984375 0.1203125 0.17109375
1 0.6703125 0.86015625 0.121875 0.17109375
0 0.225 0.13125 0.05625 0.07109375