1 0.5984375 0.85625 0.1625 0.19609375
1 0.4328125 0.9125 0.153125 0.17109375
1 0.87421875 0.35546875 0.1609375 0.22265625
1 0.71640625 0.128125 0.1609375 0.22265625
1 0.54453125 0.290625 0.1796875 0.22265625
1 0.58203125 0.47265625 0.1421875 0.225
1 0.49140625 0.64140625 0.1421875 0.225
1 0.55390625 0.684375 0.1078125 0.16015625
1 0.04765625 0.16640625 0.0953125 0.21640625
1 0.13515625 0.32578125 0.1796875 0.22265625
1 0.4078125 0.221875 0.153125 0.21875
1 0.5046875 0.07890625 0.15625 0.1578125
1 0.259375 0.20546875 0.184375 0.20234375
1 0.83515625 0.86953125 0.1609375 0.22265625
1 0.05703125 0.88984375 0.1140625 0.19140625
2 0.278125 0.53046875 0.31875 0.42265625
0 0.0390625 0.70078125 0.053125 0.06015625