1 0.63515625 0.10390625 0.1703125 0.2078125
1 0.54375 0.34453125 0.165625 0.28515625
1 0.56640625 0.67109375 0.1890625 0.24609375
1 0.1703125 0.265625 0.190625 0.27734375
1 0.3921875 0.14140625 0.146875 0.2
1 0.9375 0.08828125 0.121875 0.1765625
1 0.36171875 0.47265625 0.1859375 0.2375
1 0.9203125 0.653125 0.15625 0.18984375
1 0.89453125 0.81171875 0.1859375 0.20234375
1 0.53515625 0.89765625 0.1234375 0.2
1 0.946875 0.45234375 0.103125 0.25
1 0.053125 0.82265625 0.10625 0.24609375
1 0.05390625 0.36875 0.1078125 0.19140625
1 0.471875 0.12109375 0.146875 0.2
2 0.77578125 0.29921875 0.2328125 0.28515625