0 0.82421875 0.43984375 0.0703125 0.08359375
2 0.43203125 0.47109375 0.2421875 0.31640625
1 0.3453125 0.69375 0.228125 0.22109375
1 0.21953125 0.40703125 0.1609375 0.21875
1 0.07890625 0.23046875 0.1578125 0.21875
1 0.07890625 0.13203125 0.1578125 0.21875
1 0.175 0.06171875 0.153125 0.12265625
1 0.409375 0.21796875 0.16875 0.13984375
1 0.70703125 0.653125 0.1546875 0.23125
1 0.37421875 0.88203125 0.1546875 0.23125
1 0.13515625 0.62578125 0.1546875 0.23125
1 0.7078125 0.1375 0.18125 0.2125
1 0.940625 0.30625 0.115625 0.21640625
1 0.9078125 0.74140625 0.18125 0.2125
1 0.9265625 0.91484375 0.14375 0.16640625
1 0.66953125 0.840625 0.1546875 0.23125
1 0.796875 0.92890625 0.1375 0.1375