1 0.73828125 0.6546875 0.2484375 0.2421875
1 0.69609375 0.5265625 0.2109375 0.228125
1 0.28125 0.68671875 0.2265625 0.2421875
1 0.23125 0.22421875 0.1953125 0.23125
1 0.25703125 0.1421875 0.1796875 0.228125
1 0.1 0.47578125 0.2 0.2671875
1 0.52109375 0.2640625 0.209375 0.2671875
1 0.91484375 0.59140625 0.1703125 0.2703125
1 0.8234375 0.3390625 0.196875 0.2609375
1 0.61640625 0.3171875 0.196875 0.2609375
1 0.53515625 0.75625 0.196875 0.2609375
1 0.48359375 0.515625 0.228125 0.2828125
2 0.728125 0.8546875 0.475 0.290625
1 0.3140625 0.91328125 0.178125 0.1734375
1 0.33125 0.79609375 0.178125 0.2265625
1 0.76171875 0.09140625 0.2078125 0.1828125