1 0.60703125 0.309375 0.16875 0.1953125
1 0.4390625 0.2578125 0.18125 0.1984375
1 0.19921875 0.171875 0.1828125 0.228125
1 0.08828125 0.51875 0.1765625 0.228125
1 0.58359375 0.5515625 0.1828125 0.228125
1 0.578125 0.7640625 0.1828125 0.228125
1 0.434375 0.803125 0.203125 0.259375
1 0.34140625 0.59921875 0.1734375 0.21875
1 0.240625 0.64609375 0.190625 0.253125
1 0.26484375 0.41484375 0.1875 0.1875
1 0.17734375 0.8796875 0.196875 0.2171875
1 0.70234375 0.72421875 0.1515625 0.2265625
1 0.91171875 0.70078125 0.1671875 0.225
1 0.9078125 0.5046875 0.1671875 0.2125
1 0.29296875 0.3546875 0.14375 0.2421875
2 0.81875 0.21484375 0.3625 0.4109375