1 0.68046875 0.34140625 0.1921875 0.20859375
1 0.528125 0.68125 0.1875 0.26640625
1 0.78515625 0.51484375 0.1765625 0.24609375
1 0.29296875 0.81328125 0.2109375 0.21015625
1 0.0578125 0.35703125 0.115625 0.29765625
1 0.6046875 0.13125 0.203125 0.24140625
1 0.77109375 0.12265625 0.1328125 0.2453125
1 0.921875 0.66640625 0.153125 0.25859375
1 0.928125 0.36953125 0.140625 0.22734375
1 0.93046875 0.0875 0.1359375 0.175
1 0.56953125 0.890625 0.1859375 0.21484375
0 0.8125 0.35546875 0.046875 0.06484375
0 0.64140625 0.49921875 0.0828125 0.09765625
2 0.4265625 0.37265625 0.30625 0.36640625