2 0.6546875 0.55859375 0.4046875 0.446875
1 0.27265625 0.365625 0.1796875 0.1984375
1 0.1015625 0.6078125 0.1796875 0.1984375
1 0.23671875 0.103125 0.2171875 0.20625
1 0.8421875 0.38203125 0.1765625 0.2203125
1 0.7671875 0.959375 0.190625 0.08125
1 0.409375 0.81953125 0.1953125 0.23125
1 0.22734375 0.6921875 0.225 0.278125
1 0.8734375 0.78671875 0.2015625 0.2671875
1 0.9421875 0.40625 0.115625 0.20625
1 0.95078125 0.3484375 0.0984375 0.190625
1 0.4015625 0.1140625 0.1515625 0.190625
0 0.69921875 0.9140625 0.06875 0.08125