1 0.8546875 0.65234375 0.1875 0.2390625
1 0.84375 0.421875 0.1875 0.2390625
1 0.0796875 0.2265625 0.159375 0.240625
1 0.7671875 0.22421875 0.165625 0.2015625
1 0.44609375 0.78984375 0.165625 0.2015625
1 0.07421875 0.93984375 0.1234375 0.1203125
1 0.57734375 0.35 0.165625 0.165625
1 0.2953125 0.37890625 0.165625 0.165625
1 0.42734375 0.615625 0.165625 0.165625
1 0.62421875 0.9171875 0.1640625 0.1625
1 0.35703125 0.18203125 0.1671875 0.1890625
1 0.2046875 0.70625 0.1671875 0.1890625
1 0.7109375 0.66171875 0.175 0.2265625
1 0.6421875 0.128125 0.1921875 0.2234375
1 0.40625 0.34453125 0.121875 0.1546875
2 0.0953125 0.4796875 0.190625 0.25
0 0.84453125 0.340625 0.0421875 0.0578125