1 0.48984375 0.1375 0.1828125 0.2125
1 0.715625 0.178125 0.146875 0.20625
1 0.25078125 0.11171875 0.1453125 0.18515625
1 0.89453125 0.44453125 0.1828125 0.29375
1 0.66796875 0.603125 0.1734375 0.22265625
1 0.86953125 0.203125 0.1734375 0.22265625
1 0.14609375 0.30234375 0.1546875 0.21640625
1 0.81171875 0.765625 0.1734375 0.22265625
1 0.33671875 0.73828125 0.1734375 0.22265625
1 0.58828125 0.79921875 0.1734375 0.22265625
1 0.271875 0.90625 0.190625 0.18359375
1 0.84609375 0.92890625 0.1890625 0.1375
2 0.44921875 0.45703125 0.3359375 0.43984375
0 0.784375 0.47734375 0.071875 0.09140625