1 0.84921875 0.33515625 0.1796875 0.23359375
1 0.84609375 0.56640625 0.1796875 0.23359375
1 0.0828125 0.78828125 0.165625 0.23515625
1 0.7765625 0.76640625 0.159375 0.19609375
1 0.4359375 0.2125 0.159375 0.19609375
1 0.059375 0.06640625 0.11875 0.1328125
1 0.5828125 0.646875 0.159375 0.16015625
1 0.3 0.628125 0.159375 0.16015625
1 0.4234375 0.38671875 0.159375 0.16015625
1 0.609375 0.07890625 0.159375 0.1578125
1 0.36796875 0.82265625 0.1609375 0.18359375
1 0.19765625 0.30390625 0.1609375 0.18359375
1 0.70546875 0.33125 0.1671875 0.22109375
1 0.6546875 0.86640625 0.184375 0.21640625
1 0.41171875 0.65859375 0.1171875 0.15
2 0.09375 0.534375 0.1875 0.24375
0 0.85 0.646875 0.040625 0.05625