1 0.33515625 0.16875 0.196875 0.2234375
1 0.48671875 0.08984375 0.1828125 0.1796875
1 0.16015625 0.71328125 0.2 0.25
1 0.3578125 0.890625 0.2 0.21875
1 0.49609375 0.7140625 0.21875 0.253125
1 0.425 0.5421875 0.1828125 0.2484375
1 0.48125 0.359375 0.1828125 0.2484375
1 0.41171875 0.3296875 0.1359375 0.178125
1 0.9703125 0.740625 0.059375 0.23125
1 0.890625 0.6015625 0.21875 0.253125
1 0.64375 0.75546875 0.1921875 0.24375
1 0.57578125 0.9109375 0.1828125 0.178125
1 0.7921875 0.74296875 0.2203125 0.234375
1 0.10078125 0.2015625 0.2 0.25
1 0.86015625 0.06875 0.1484375 0.1375
2 0.71171875 0.428125 0.39375 0.475
0 0.9140625 0.21484375 0.0640625 0.06875