2 0.55 0.8296875 0.290625 0.340625
1 0.421875 0.53828125 0.153125 0.2046875
1 0.58046875 0.28828125 0.171875 0.21875
1 0.38359375 0.2609375 0.171875 0.21875
1 0.08046875 0.31015625 0.1609375 0.2640625
1 0.3125 0.63828125 0.1796875 0.2640625
1 0.06328125 0.69765625 0.1203125 0.253125
1 0.06640625 0.5484375 0.1328125 0.1875
1 0.196875 0.42109375 0.1375 0.1875
1 0.26953125 0.0875 0.190625 0.15625
1 0.33515625 0.4453125 0.171875 0.21875
1 0.2859375 0.934375 0.165625 0.13125
1 0.384375 0.93984375 0.13125 0.1203125
1 0.68671875 0.54140625 0.1734375 0.2140625
1 0.73828125 0.50859375 0.1078125 0.1546875
1 0.928125 0.49296875 0.14375 0.2234375
1 0.8953125 0.39765625 0.1453125 0.2234375
1 0.909375 0.11484375 0.146875 0.2296875
1 0.93828125 0.86953125 0.1234375 0.2203125
1 0.82734375 0.7265625 0.203125 0.284375
1 0.70234375 0.725 0.1921875 0.2296875
1 0.49296875 0.19140625 0.203125 0.2640625