1 0.575 0.52109375 0.2015625 0.1890625
1 0.5625 0.878125 0.1875 0.24375
1 0.28046875 0.84140625 0.2265625 0.265625
1 0.1125 0.2890625 0.2078125 0.3015625
1 0.23828125 0.3765625 0.2078125 0.253125
1 0.3953125 0.48125 0.196875 0.215625
1 0.70546875 0.3546875 0.2 0.26875
1 0.81796875 0.471875 0.20625 0.334375
1 0.92421875 0.5078125 0.1515625 0.325
1 0.8234375 0.82109375 0.21875 0.246875
1 0.5984375 0.69609375 0.2140625 0.21875
1 0.79140625 0.15 0.2140625 0.21875
0 0.20546875 0.565625 0.08125 0.1046875
2 0.44609375 0.221875 0.4359375 0.44375