2 0.34453125 0.2796875 0.4328125 0.5515625
1 0.58125 0.36015625 0.15625 0.221875
1 0.5484375 0.1296875 0.19375 0.259375
1 0.70546875 0.196875 0.1890625 0.2
1 0.84453125 0.1171875 0.196875 0.23125
1 0.66484375 0.0625 0.1890625 0.125
1 0.7953125 0.7953125 0.2125 0.240625
1 0.58671875 0.9125 0.1953125 0.175
1 0.19765625 0.93828125 0.2390625 0.1234375
1 0.125 0.759375 0.2 0.25
1 0.128125 0.31171875 0.203125 0.2515625
1 0.47265625 0.534375 0.203125 0.2515625
1 0.28046875 0.76953125 0.2125 0.221875
1 0.90703125 0.3046875 0.159375 0.228125
0 0.5546875 0.80859375 0.0859375 0.090625
1 0.66875 0.4875 0.2125 0.240625