1 0.09375 0.75625 0.153125 0.19609375
1 0.05390625 0.53359375 0.1078125 0.275
1 0.57265625 0.371875 0.1953125 0.23515625
1 0.690625 0.62734375 0.159375 0.225
1 0.3453125 0.728125 0.15625 0.24375
1 0.9046875 0.49609375 0.1875 0.22890625
1 0.57109375 0.08828125 0.1640625 0.1765625
1 0.21953125 0.275 0.2078125 0.20390625
1 0.1765625 0.44375 0.196875 0.27109375
1 0.528125 0.75078125 0.196875 0.21015625
1 0.3609375 0.07890625 0.19375 0.1578125
0 0.34921875 0.915625 0.0609375 0.09375
0 0.4515625 0.16953125 0.059375 0.08515625
2 0.74609375 0.17109375 0.2453125 0.31640625