2 0.54453125 0.465625 0.3359375 0.44765625
1 0.30234375 0.75078125 0.1703125 0.22265625
1 0.23359375 0.86328125 0.1703125 0.22265625
1 0.06875 0.78203125 0.1375 0.22265625
1 0.22578125 0.54921875 0.2078125 0.21875
1 0.26640625 0.33203125 0.2078125 0.21875
1 0.82578125 0.32421875 0.2078125 0.21875
1 0.909375 0.29375 0.178125 0.19609375
1 0.91171875 0.54140625 0.1734375 0.2375
1 0.81015625 0.76640625 0.1734375 0.2375
1 0.61484375 0.77109375 0.1953125 0.2375
1 0.49453125 0.7875 0.1953125 0.2375
1 0.50703125 0.90625 0.1921875 0.18359375
1 0.10390625 0.32421875 0.1734375 0.21015625
1 0.91796875 0.0875 0.1578125 0.175
0 0.70234375 0.06171875 0.0703125 0.08125
0 0.79765625 0.134375 0.0703125 0.08125
0 0.10859375 0.46796875 0.0703125 0.08125