1 0.1078125 0.28828125 0.175 0.2421875
1 0.33984375 0.8453125 0.2203125 0.2609375
1 0.36796875 0.2640625 0.1984375 0.2578125
1 0.2859375 0.0640625 0.1625 0.128125
1 0.82578125 0.91171875 0.1984375 0.1765625
1 0.6546875 0.771875 0.175 0.209375
1 0.48828125 0.425 0.215625 0.240625
1 0.54921875 0.29296875 0.215625 0.240625
1 0.21796875 0.45078125 0.2140625 0.2671875
1 0.3171875 0.51875 0.2140625 0.2671875
1 0.23984375 0.83828125 0.209375 0.2578125
1 0.66171875 0.2046875 0.1828125 0.175
1 0.0640625 0.58359375 0.128125 0.2078125
2 0.7890625 0.39921875 0.421875 0.5453125