1 0.665625 0.278125 0.2109375 0.25
1 0.9234375 0.3171875 0.153125 0.228125
1 0.20390625 0.76796875 0.18125 0.228125
1 0.28203125 0.72890625 0.18125 0.228125
1 0.37421875 0.628125 0.2015625 0.2828125
1 0.60234375 0.6 0.2171875 0.2515625
1 0.73828125 0.91015625 0.1796875 0.1796875
1 0.596875 0.796875 0.19375 0.2265625
1 0.3921875 0.9046875 0.1828125 0.1890625
1 0.4953125 0.3578125 0.1625 0.203125
1 0.4921875 0.2265625 0.171875 0.203125
1 0.5015625 0.12265625 0.171875 0.203125
1 0.3203125 0.09140625 0.171875 0.1828125
1 0.82265625 0.2953125 0.184375 0.2484375
2 0.1484375 0.21875 0.2796875 0.4046875
0 0.27734375 0.33515625 0.065625 0.0828125
0 0.55078125 0.94921875 0.059375 0.09375