1 0.39296875 0.309375 0.16875 0.1953125
1 0.5609375 0.2578125 0.18125 0.1984375
1 0.80078125 0.171875 0.1828125 0.228125
1 0.9109375 0.51875 0.178125 0.228125
1 0.41640625 0.5515625 0.1828125 0.228125
1 0.421875 0.7640625 0.1828125 0.228125
1 0.565625 0.803125 0.203125 0.259375
1 0.65859375 0.59921875 0.1734375 0.21875
1 0.759375 0.64609375 0.190625 0.253125
1 0.73515625 0.41484375 0.1875 0.1875
1 0.82265625 0.8796875 0.196875 0.2171875
1 0.29765625 0.72421875 0.1515625 0.2265625
1 0.08828125 0.70078125 0.1671875 0.225
1 0.0921875 0.5046875 0.1671875 0.2125
1 0.70703125 0.3546875 0.14375 0.2421875
2 0.18046875 0.21484375 0.3609375 0.4109375