1 0.67578125 0.67734375 0.1734375 0.2
1 0.8015625 0.25234375 0.20625 0.22890625
1 0.55859375 0.17265625 0.1578125 0.25390625
1 0.09765625 0.578125 0.1671875 0.24375
1 0.190625 0.528125 0.18125 0.26875
1 0.35 0.259375 0.16875 0.24765625
1 0.30703125 0.80078125 0.1921875 0.23515625
1 0.45078125 0.76484375 0.1890625 0.19140625
1 0.14296875 0.878125 0.2109375 0.22734375
1 0.66953125 0.89296875 0.1859375 0.19765625
1 0.90703125 0.103125 0.1765625 0.17734375
1 0.12421875 0.18046875 0.1890625 0.24765625
1 0.871875 0.64140625 0.153125 0.20859375
1 0.940625 0.43203125 0.115625 0.23515625
1 0.78359375 0.45703125 0.2453125 0.23984375
2 0.4921875 0.48203125 0.409375 0.43984375
0 0.5296875 0.87421875 0.0625 0.09375
0 0.240625 0.21328125 0.0875 0.10234375