1 0.91171875 0.81171875 0.1765625 0.2578125
1 0.6453125 0.4296875 0.2046875 0.2578125
1 0.321875 0.11875 0.196875 0.2265625
1 0.47421875 0.3015625 0.196875 0.228125
1 0.3078125 0.51953125 0.19375 0.2984375
1 0.059375 0.25703125 0.11875 0.2515625
1 0.17109375 0.9484375 0.1921875 0.103125
1 0.8578125 0.46484375 0.2046875 0.2578125
1 0.6625 0.16796875 0.1796875 0.196875
1 0.56484375 0.9453125 0.1734375 0.109375
1 0.2734375 0.35859375 0.21875 0.228125
1 0.1890625 0.58203125 0.1859375 0.2578125
0 0.53359375 0.7328125 0.0515625 0.0671875
0 0.82421875 0.11796875 0.0625 0.090625
2 0.3953125 0.8296875 0.2875 0.340625