1 0.590625 0.52578125 0.1578125 0.221875
1 0.6046875 0.85234375 0.184375 0.23125
1 0.36328125 0.81953125 0.1421875 0.196875
1 0.75 0.27265625 0.1515625 0.2046875
1 0.7015625 0.42421875 0.165625 0.2140625
1 0.8046875 0.62265625 0.165625 0.2140625
1 0.490625 0.1203125 0.190625 0.240625
1 0.05703125 0.5125 0.1140625 0.23125
1 0.35546875 0.15703125 0.1828125 0.253125
1 0.153125 0.89140625 0.165625 0.2171875
2 0.29921875 0.553125 0.2984375 0.3453125
0 0.81484375 0.4078125 0.0578125 0.071875
0 0.33515625 0.9484375 0.0578125 0.0890625
0 0.1265625 0.85859375 0.034375 0.05
0 0.63046875 0.66015625 0.0609375 0.071875