1 0.6484375 0.2015625 0.2203125 0.271875
1 0.86484375 0.40546875 0.2203125 0.271875
1 0.528125 0.50859375 0.1828125 0.1953125
1 0.465625 0.1109375 0.1875 0.1640625
1 0.1984375 0.5296875 0.1484375 0.171875
1 0.228125 0.2421875 0.171875 0.1875
1 0.42734375 0.88515625 0.15 0.221875
1 0.29765625 0.70546875 0.1484375 0.1984375
1 0.284375 0.90625 0.171875 0.1875
1 0.075 0.3046875 0.15 0.21875
2 0.5921875 0.7609375 0.3375 0.3796875
0 0.38515625 0.1578125 0.0515625 0.0625
0 0.73125 0.1203125 0.059375 0.078125