1 0.83359375 0.096875 0.1703125 0.18984375
1 0.625 0.53203125 0.16875 0.23984375
1 0.8359375 0.85546875 0.13125 0.22734375
1 0.921875 0.28046875 0.13125 0.22734375
1 0.68125 0.853125 0.16875 0.23984375
1 0.6234375 0.09921875 0.165625 0.19765625
1 0.18359375 0.27734375 0.1984375 0.2375
1 0.484375 0.16171875 0.178125 0.21015625
1 0.1015625 0.515625 0.190625 0.21015625
1 0.71328125 0.46640625 0.1703125 0.25
1 0.71171875 0.65546875 0.1515625 0.21484375
2 0.175 0.84296875 0.35 0.30625
0 0.8296875 0.41953125 0.071875 0.08515625