1 0.84296875 0.86171875 0.1890625 0.23984375
1 0.67109375 0.53828125 0.1890625 0.23984375
1 0.65625 0.34140625 0.140625 0.17109375
1 0.165625 0.45 0.1 0.2375
1 0.20703125 0.628125 0.1515625 0.18515625
1 0.17734375 0.08125 0.1328125 0.1625
1 0.41796875 0.13046875 0.1484375 0.18515625
1 0.51015625 0.20859375 0.1953125 0.20859375
1 0.7859375 0.24765625 0.140625 0.17109375
1 0.5203125 0.73671875 0.253125 0.13984375
1 0.45234375 0.78046875 0.1578125 0.19375
0 0.05234375 0.45 0.0578125 0.07890625
0 0.22265625 0.246875 0.0703125 0.09765625
0 0.70390625 0.86953125 0.0953125 0.11015625
2 0.37265625 0.42421875 0.3078125 0.44765625