2 0.23203125 0.5125 0.2328125 0.28359375
0 0.72890625 0.62265625 0.0859375 0.07109375
1 0.46640625 0.29453125 0.1828125 0.23515625
1 0.39296875 0.19609375 0.1265625 0.19609375
1 0.64453125 0.384375 0.1546875 0.17734375
1 0.75546875 0.378125 0.1890625 0.18984375
1 0.44765625 0.51171875 0.1890625 0.22265625
1 0.41640625 0.66171875 0.1890625 0.22265625
1 0.31015625 0.77578125 0.1890625 0.22265625
1 0.49296875 0.86953125 0.1890625 0.22265625
1 0.70234375 0.85078125 0.1890625 0.22265625
1 0.88125 0.31640625 0.184375 0.17890625
1 0.90078125 0.21171875 0.1890625 0.18984375
1 0.73828125 0.11796875 0.1640625 0.20625
1 0.209375 0.17265625 0.203125 0.25390625
1 0.1140625 0.26484375 0.171875 0.24140625
1 0.0671875 0.39296875 0.134375 0.25625
1 0.0609375 0.53125 0.121875 0.25859375
1 0.0578125 0.65390625 0.115625 0.2125
1 0.0578125 0.75 0.115625 0.2125
1 0.09921875 0.84609375 0.1265625 0.21640625
1 0.0875 0.93828125 0.14375 0.11875
1 0.39453125 0.05234375 0.1453125 0.10390625
1 0.4984375 0.07578125 0.140625 0.1515625