2 0.18671875 0.4484375 0.2359375 0.28125
0 0.653125 0.10234375 0.0765625 0.0890625
0 0.94609375 0.6984375 0.0765625 0.0890625
0 0.90859375 0.84453125 0.0765625 0.0890625
0 0.034375 0.559375 0.06875 0.0875
1 0.715625 0.265625 0.2234375 0.240625
1 0.59296875 0.61328125 0.2234375 0.240625
1 0.5875 0.8578125 0.2234375 0.240625
1 0.1234375 0.6921875 0.221875 0.2390625
1 0.15 0.8203125 0.221875 0.2390625
1 0.2890625 0.9609375 0.165625 0.078125
1 0.33359375 0.2765625 0.225 0.2984375
1 0.4375 0.46796875 0.184375 0.2203125
1 0.71328125 0.74921875 0.18125 0.2421875
1 0.5140625 0.4171875 0.184375 0.2203125