1 0.50703125 0.8234375 0.1828125 0.2375
1 0.3921875 0.9171875 0.1859375 0.15625
1 0.265625 0.78203125 0.1828125 0.2375
1 0.28671875 0.56796875 0.140625 0.19375
1 0.41328125 0.62265625 0.1828125 0.2375
1 0.61015625 0.2953125 0.1828125 0.2375
1 0.68359375 0.33828125 0.1765625 0.225
1 0.5046875 0.0734375 0.16875 0.146875
1 0.31953125 0.29296875 0.1828125 0.2375
1 0.24765625 0.078125 0.1734375 0.15625
1 0.86484375 0.37890625 0.2015625 0.209375
1 0.7640625 0.16015625 0.190625 0.23125
2 0.753125 0.6703125 0.2671875 0.3234375