1 0.89765625 0.50546875 0.1625 0.196875
1 0.58828125 0.7390625 0.1921875 0.2640625
1 0.06328125 0.753125 0.1265625 0.20625
1 0.6390625 0.93359375 0.225 0.1328125
1 0.43046875 0.89765625 0.2078125 0.2046875
1 0.43515625 0.71796875 0.1953125 0.2375
1 0.7 0.13125 0.240625 0.2421875
1 0.82109375 0.89453125 0.1984375 0.2109375
1 0.18046875 0.13359375 0.1765625 0.2671875
1 0.6125 0.35546875 0.21875 0.225
1 0.128125 0.53515625 0.2078125 0.2171875
1 0.18046875 0.7203125 0.19375 0.2125
0 0.0984375 0.3671875 0.09375 0.1
2 0.32265625 0.459375 0.478125 0.575