1 0.1171875 0.309375 0.159375 0.24765625
1 0.0875 0.10078125 0.159375 0.2015625
1 0.26484375 0.07890625 0.1921875 0.1578125
1 0.51640625 0.12734375 0.1796875 0.23359375
1 0.65703125 0.47890625 0.1796875 0.24140625
1 0.20859375 0.65859375 0.1515625 0.2125
1 0.07421875 0.76640625 0.1484375 0.22890625
1 0.35 0.80234375 0.15 0.22890625
1 0.51640625 0.73984375 0.1515625 0.20859375
1 0.6984375 0.71953125 0.175 0.21015625
1 0.86875 0.87421875 0.175 0.21015625
1 0.68125 0.23203125 0.153125 0.21015625
1 0.43359375 0.92578125 0.1421875 0.13984375
1 0.2265625 0.925 0.175 0.1375
2 0.36171875 0.37265625 0.3703125 0.475
0 0.7890625 0.48671875 0.10625 0.13984375
0 0.76875 0.13046875 0.071875 0.08515625