1 0.71484375 0.73359375 0.1890625 0.2625
1 0.3234375 0.62890625 0.209375 0.2625
1 0.09296875 0.484375 0.1859375 0.18515625
1 0.06640625 0.88671875 0.1328125 0.22265625
1 0.2890625 0.14296875 0.190625 0.22734375
1 0.2578125 0.365625 0.190625 0.22734375
1 0.5171875 0.90703125 0.175 0.17734375
1 0.90703125 0.109375 0.1328125 0.17265625
1 0.65390625 0.15859375 0.2046875 0.2375
1 0.48671875 0.10703125 0.1765625 0.2140625
1 0.5859375 0.67421875 0.171875 0.22265625
2 0.5046875 0.403125 0.35625 0.42734375