2 0.12578125 0.59765625 0.2515625 0.3234375
1 0.29609375 0.67265625 0.2 0.2734375
1 0.27421875 0.37421875 0.1546875 0.2359375
1 0.35078125 0.371875 0.1546875 0.2359375
1 0.31796875 0.23125 0.13125 0.1921875
1 0.5484375 0.66640625 0.1734375 0.240625
1 0.64375 0.9 0.184375 0.184375
1 0.69765625 0.89296875 0.184375 0.184375
1 0.67265625 0.57734375 0.1796875 0.2296875
1 0.7859375 0.4609375 0.1796875 0.2296875
1 0.5515625 0.46015625 0.209375 0.2375
1 0.84375 0.85625 0.178125 0.2125
1 0.10078125 0.834375 0.14375 0.228125
1 0.04609375 0.3265625 0.0921875 0.278125
1 0.50546875 0.0875 0.2265625 0.175
1 0.865625 0.5484375 0.1796875 0.2296875
1 0.8546875 0.640625 0.1796875 0.2296875
1 0.853125 0.76015625 0.1796875 0.2296875
1 0.9609375 0.7765625 0.078125 0.21875
1 0.85625 0.13125 0.21875 0.2625
1 0.7375 0.16328125 0.2109375 0.28125
0 0.5359375 0.22734375 0.078125 0.1046875
0 0.62421875 0.2046875 0.078125 0.1046875
0 0.4453125 0.09765625 0.078125 0.1046875
1 0.5125 0.36171875 0.2015625 0.2421875