1 0.46640625 0.15234375 0.1859375 0.221875
1 0.6859375 0.41015625 0.1625 0.2046875
1 0.8390625 0.5890625 0.190625 0.25625
1 0.64453125 0.66796875 0.190625 0.25625
1 0.14296875 0.41796875 0.1828125 0.153125
1 0.49921875 0.846875 0.1484375 0.1828125
1 0.5171875 0.71015625 0.1484375 0.1828125
1 0.10078125 0.89296875 0.1484375 0.1828125
1 0.8890625 0.80703125 0.1484375 0.1828125
2 0.0734375 0.58203125 0.146875 0.2703125
0 0.06171875 0.24453125 0.065625 0.08125
0 0.59296875 0.28984375 0.05625 0.0796875
0 0.5359375 0.26640625 0.05625 0.0796875
0 0.63671875 0.22890625 0.0671875 0.0828125