1 0.72109375 0.52734375 0.221875 0.2
1 0.71328125 0.79609375 0.2125 0.2578125
1 0.89375 0.79609375 0.1765625 0.2546875
1 0.48359375 0.80390625 0.184375 0.2328125
1 0.409375 0.1546875 0.18125 0.2078125
1 0.534375 0.1890625 0.1375 0.190625
1 0.63125 0.271875 0.1796875 0.225
1 0.74765625 0.2171875 0.2140625 0.2046875
1 0.79453125 0.32265625 0.2140625 0.2046875
1 0.1125 0.103125 0.165625 0.20625
1 0.17578125 0.73203125 0.2046875 0.196875
1 0.33828125 0.91328125 0.203125 0.1625
1 0.93984375 0.5625 0.1203125 0.2375
2 0.375 0.46484375 0.4359375 0.528125
0 0.08984375 0.31484375 0.08125 0.0828125