1 0.12109375 0.66796875 0.1640625 0.2
1 0.428125 0.64140625 0.2078125 0.196875
1 0.44765625 0.31328125 0.2484375 0.30625
1 0.646875 0.73359375 0.175 0.2328125
1 0.171875 0.36328125 0.1859375 0.21875
1 0.79375 0.54453125 0.178125 0.2515625
1 0.6984375 0.0546875 0.1625 0.109375
1 0.25625 0.578125 0.2421875 0.2859375
0 0.24921875 0.8765625 0.2734375 0.246875
0 0.36875 0.41796875 0.09375 0.10625
0 0.5671875 0.4390625 0.09375 0.0984375
0 0.23203125 0.14453125 0.0703125 0.0734375
1 0.72578125 0.72890625 0.175 0.2328125
1 0.26796875 0.36953125 0.196875 0.25