1 0.5703125 0.90078125 0.134375 0.1984375
1 0.26484375 0.83359375 0.15625 0.203125
1 0.07421875 0.7796875 0.1484375 0.203125
1 0.19453125 0.646875 0.15625 0.203125
1 0.1203125 0.08125 0.159375 0.1625
1 0.33984375 0.10625 0.1828125 0.2125
1 0.521875 0.11328125 0.153125 0.2265625
1 0.903125 0.0703125 0.1609375 0.1296875
1 0.90234375 0.321875 0.1671875 0.21875
1 0.91015625 0.871875 0.1671875 0.21875
1 0.63671875 0.684375 0.196875 0.234375
1 0.55546875 0.5 0.196875 0.234375
1 0.134375 0.41328125 0.171875 0.1921875
1 0.39140625 0.60859375 0.19375 0.2328125
2 0.67734375 0.278125 0.3375 0.409375