2 0.20390625 0.384375 0.1890625 0.24765625
0 0.7328125 0.14296875 0.0625 0.07734375
0 0.8953125 0.78671875 0.0625 0.07734375
0 0.828125 0.921875 0.0625 0.07734375
0 0.0296875 0.46171875 0.059375 0.07734375
1 0.759375 0.315625 0.184375 0.20625
1 0.5671875 0.63046875 0.184375 0.20625
1 0.5109375 0.86796875 0.184375 0.20625
1 0.09140625 0.609375 0.1828125 0.20625
1 0.09140625 0.740625 0.1828125 0.20625
1 0.19140625 0.93984375 0.1453125 0.11640625
1 0.38359375 0.246875 0.1734375 0.26875
1 0.4453125 0.45546875 0.146875 0.19375
1 0.65703125 0.78828125 0.1390625 0.21875
1 0.53125 0.421875 0.146875 0.19375