1 0.89453125 0.45 0.1390625 0.17890625
1 0.6203125 0.72421875 0.159375 0.24375
1 0.0796875 0.81484375 0.15 0.1875
1 0.70078125 0.92578125 0.2078125 0.13515625
1 0.4875 0.90546875 0.184375 0.18515625
1 0.46640625 0.725 0.1671875 0.21640625
1 0.646875 0.10703125 0.2125 0.2140625
1 0.87421875 0.84921875 0.1734375 0.19375
1 0.13125 0.165625 0.1375 0.28515625
1 0.59140625 0.34140625 0.1921875 0.2
1 0.13671875 0.58671875 0.1828125 0.19375
1 0.2140625 0.7625 0.16875 0.19140625
0 0.08359375 0.42421875 0.0828125 0.08984375
2 0.31875 0.484375 0.409375 0.52265625