2 0.25234375 0.24921875 0.19375 0.2625
1 0.66796875 0.11640625 0.1609375 0.1421875
1 0.759375 0.08203125 0.159375 0.1640625
1 0.91640625 0.340625 0.1328125 0.2109375
1 0.9 0.23515625 0.1328125 0.2109375
1 0.925 0.7234375 0.1328125 0.2109375
1 0.8921875 0.5875 0.1640625 0.215625
1 0.84375 0.48125 0.13125 0.2140625
1 0.7921875 0.4203125 0.13125 0.2140625
1 0.75390625 0.403125 0.13125 0.2140625
1 0.6578125 0.396875 0.1546875 0.221875
1 0.5140625 0.50546875 0.1546875 0.221875
1 0.63125 0.63515625 0.178125 0.2640625
0 0.7640625 0.70859375 0.05625 0.0828125
0 0.40390625 0.8359375 0.05625 0.0828125
1 0.4984375 0.72109375 0.15 0.1765625
1 0.13671875 0.84375 0.15 0.1765625
1 0.20390625 0.85390625 0.1546875 0.2609375
1 0.08203125 0.621875 0.15625 0.2609375
1 0.0625 0.49140625 0.125 0.1984375
1 0.184375 0.43828125 0.1515625 0.2015625
1 0.24296875 0.51484375 0.1515625 0.2015625
1 0.31796875 0.53984375 0.1515625 0.2015625
1 0.06953125 0.22734375 0.1390625 0.2015625
1 0.06796875 0.11484375 0.1359375 0.2015625
1 0.15234375 0.11171875 0.1515625 0.2015625
1 0.72734375 0.86484375 0.1515625 0.2015625
1 0.3390625 0.846875 0.1515625 0.2015625