1 0.44453125 0.85234375 0.1640625 0.175
1 0.625 0.89453125 0.171875 0.18984375
1 0.4609375 0.24453125 0.171875 0.18984375
1 0.4796875 0.0875 0.18125 0.175
1 0.2578125 0.771875 0.1875 0.23515625
1 0.53203125 0.41875 0.1640625 0.175
1 0.62734375 0.3125 0.1640625 0.175
1 0.24296875 0.12734375 0.1640625 0.175
1 0.08359375 0.56328125 0.1671875 0.21015625
1 0.95234375 0.89296875 0.0890625 0.21015625
1 0.79453125 0.86015625 0.1640625 0.175
1 0.93828125 0.13671875 0.1203125 0.19375
1 0.5484375 0.67421875 0.15 0.26015625
0 0.4125 0.61875 0.08125 0.09609375
0 0.240625 0.60234375 0.10625 0.125
0 0.12421875 0.29609375 0.0734375 0.1
0 0.021875 0.63671875 0.04375 0.08515625
2 0.7625 0.58125 0.38125 0.475