1 0.290625 0.6703125 0.16875 0.2546875
1 0.34140625 0.475 0.15625 0.2359375
1 0.16484375 0.85546875 0.159375 0.2203125
1 0.72890625 0.84140625 0.159375 0.2203125
1 0.8203125 0.84609375 0.159375 0.2203125
1 0.7546875 0.609375 0.159375 0.2203125
1 0.8921875 0.58046875 0.159375 0.2203125
1 0.73984375 0.38984375 0.178125 0.2328125
1 0.68515625 0.26953125 0.178125 0.2328125
1 0.14375 0.44609375 0.153125 0.2203125
1 0.1890625 0.12421875 0.184375 0.2296875
1 0.8921875 0.2453125 0.16875 0.2
2 0.48359375 0.7296875 0.3234375 0.409375
0 0.58125 0.3125 0.0515625 0.06875
0 0.078125 0.59609375 0.059375 0.0796875