2 0.76875 0.3296875 0.2328125 0.2796875
0 0.203125 0.19375 0.0765625 0.0875
0 0.16640625 0.85703125 0.0765625 0.0875
0 0.25859375 0.96640625 0.0765625 0.0671875
0 0.9546875 0.37265625 0.0734375 0.0875
1 0.21015625 0.36875 0.2203125 0.2375
1 0.45859375 0.640625 0.2203125 0.2375
1 0.559375 0.86328125 0.2203125 0.2375
1 0.90625 0.5296875 0.1875 0.2375
1 0.91875 0.6578125 0.1625 0.2375
1 0.88671875 0.87265625 0.165625 0.1421875
1 0.565625 0.2296875 0.221875 0.296875
1 0.5453125 0.44609375 0.18125 0.21875
1 0.40078125 0.81328125 0.178125 0.240625
1 0.4546875 0.42890625 0.18125 0.21875