1 0.45625 0.1015625 0.2125 0.203125
1 0.4921875 0.3390625 0.225 0.315625
1 0.396875 0.6515625 0.2390625 0.2828125
1 0.87421875 0.34609375 0.2484375 0.3125
1 0.6859375 0.175 0.1875 0.228125
1 0.16640625 0.05 0.1578125 0.1
1 0.640625 0.5046875 0.234375 0.2734375
1 0.0765625 0.55390625 0.153125 0.2203125
1 0.07890625 0.71484375 0.1578125 0.2390625
1 0.3765625 0.8796875 0.165625 0.221875
1 0.0765625 0.35234375 0.153125 0.2671875
1 0.8625 0.89140625 0.159375 0.2171875
1 0.94453125 0.47265625 0.1109375 0.2109375
1 0.6125 0.1375 0.1875 0.228125
2 0.2765625 0.2421875 0.290625 0.3296875