1 0.646875 0.11328125 0.215625 0.2265625
1 0.33125 0.71015625 0.215625 0.2671875
1 0.4953125 0.684375 0.215625 0.2671875
1 0.675 0.79453125 0.2453125 0.2734375
1 0.82890625 0.6703125 0.18125 0.2546875
1 0.1125 0.3203125 0.2046875 0.2265625
1 0.46015625 0.075 0.1640625 0.15
1 0.68515625 0.3375 0.215625 0.2671875
1 0.0640625 0.52265625 0.128125 0.2515625
0 0.1890625 0.95078125 0.125 0.0984375
0 0.4046875 0.9109375 0.0734375 0.09375
0 0.14921875 0.47109375 0.0890625 0.121875
0 0.93671875 0.228125 0.0640625 0.10625
2 0.33828125 0.28828125 0.375 0.465625