1 0.2671875 0.33671875 0.2421875 0.2359375
1 0.30546875 0.46640625 0.20625 0.2234375
1 0.725 0.32109375 0.2203125 0.2375
1 0.759375 0.784375 0.1890625 0.2265625
1 0.73046875 0.865625 0.171875 0.225
1 0.9015625 0.5375 0.196875 0.2625
1 0.47109375 0.73515625 0.2015625 0.2625
1 0.084375 0.39375 0.16875 0.265625
1 0.171875 0.64921875 0.1890625 0.2578125
1 0.37734375 0.67890625 0.1890625 0.2578125
1 0.47421875 0.2421875 0.1890625 0.2578125
1 0.5171875 0.48515625 0.2203125 0.278125
2 0.28359375 0.1375 0.4703125 0.275
1 0.7 0.0890625 0.171875 0.178125
1 0.6796875 0.209375 0.171875 0.221875
1 0.22265625 0.9046875 0.2015625 0.190625