1 0.93359375 0.31015625 0.1328125 0.2484375
1 0.89765625 0.58359375 0.2046875 0.2984375
1 0.69921875 0.84453125 0.1984375 0.2359375
1 0.7390625 0.5421875 0.234375 0.26875
1 0.64140625 0.225 0.234375 0.26875
1 0.2890625 0.84765625 0.19375 0.2453125
1 0.55 0.896875 0.20625 0.20625
1 0.421875 0.3875 0.234375 0.2546875
1 0.32109375 0.103125 0.1703125 0.20625
1 0.16015625 0.31953125 0.215625 0.25
1 0.17421875 0.0953125 0.1890625 0.190625
1 0.35078125 0.60625 0.240625 0.284375
1 0.54453125 0.38828125 0.203125 0.2359375
0 0.48984375 0.553125 0.09375 0.1140625
2 0.1421875 0.653125 0.284375 0.45625