2 0.2234375 0.28125 0.221875 0.28125
1 0.6203125 0.09921875 0.1765625 0.1609375
1 0.70703125 0.071875 0.1765625 0.14375
1 0.89375 0.29140625 0.15625 0.2234375
1 0.86484375 0.18828125 0.15625 0.2234375
1 0.93515625 0.66953125 0.1296875 0.2234375
1 0.9 0.5390625 0.1875 0.23125
1 0.8390625 0.4390625 0.1546875 0.2265625
1 0.7796875 0.38515625 0.1546875 0.2265625
1 0.73984375 0.37265625 0.1546875 0.2265625
1 0.64375 0.378125 0.1796875 0.2359375
1 0.51484375 0.50390625 0.1796875 0.2359375
1 0.646875 0.61796875 0.2078125 0.28125
0 0.7875 0.675 0.065625 0.0890625
0 0.4453125 0.84453125 0.065625 0.0890625
1 0.525 0.71953125 0.16875 0.1921875
1 0.18125 0.8859375 0.16875 0.1921875
1 0.2484375 0.87421875 0.184375 0.2515625
1 0.1 0.671875 0.184375 0.2765625
1 0.06953125 0.54453125 0.1390625 0.2109375
1 0.17890625 0.47734375 0.1734375 0.2171875
1 0.246875 0.54609375 0.1734375 0.2171875
1 0.32421875 0.56171875 0.1734375 0.2171875
1 0.06015625 0.28203125 0.1203125 0.2171875
1 0.0515625 0.17109375 0.103125 0.2171875
1 0.1078125 0.15703125 0.1734375 0.2171875
1 0.7703125 0.834375 0.1734375 0.2171875
1 0.3828125 0.8640625 0.1734375 0.2171875