1 0.6890625 0.578125 0.1703125 0.21875
1 0.1546875 0.315625 0.15625 0.209375
1 0.29296875 0.3125 0.1421875 0.2296875
1 0.17734375 0.83828125 0.159375 0.184375
1 0.75390625 0.7359375 0.0984375 0.3109375
1 0.89453125 0.72578125 0.1640625 0.20625
1 0.6265625 0.7625 0.2046875 0.2359375
1 0.840625 0.31484375 0.159375 0.196875
1 0.91640625 0.29765625 0.1671875 0.1890625
1 0.64765625 0.24765625 0.1609375 0.2125
1 0.08671875 0.603125 0.1484375 0.20625
1 0.07421875 0.69921875 0.1484375 0.2015625
1 0.51171875 0.31875 0.13125 0.2234375
2 0.35078125 0.70625 0.3640625 0.4140625