2 0.7390625 0.759375 0.184375 0.25625
1 0.31875 0.87734375 0.15625 0.1375
1 0.225 0.909375 0.153125 0.16015625
1 0.078125 0.64453125 0.125 0.20625
1 0.090625 0.75078125 0.125 0.20625
1 0.0828125 0.26171875 0.125 0.20625
1 0.1109375 0.39921875 0.15625 0.21015625
1 0.15546875 0.50703125 0.1234375 0.21015625
1 0.20546875 0.56953125 0.1234375 0.21015625
1 0.24296875 0.58828125 0.1234375 0.21015625
1 0.3390625 0.59765625 0.146875 0.21640625
1 0.4859375 0.49375 0.146875 0.21640625
1 0.3734375 0.36015625 0.16875 0.25859375
0 0.24375 0.28203125 0.053125 0.08125
0 0.6078125 0.16796875 0.053125 0.08125
1 0.509375 0.27890625 0.14375 0.17109375
1 0.875 0.16875 0.14375 0.17109375
1 0.80859375 0.15703125 0.1453125 0.25625
1 0.921875 0.39296875 0.146875 0.25625
1 0.9375 0.52421875 0.121875 0.19375
1 0.81328125 0.57265625 0.1453125 0.19609375
1 0.75703125 0.49375 0.1453125 0.19609375
1 0.68359375 0.46640625 0.1453125 0.19609375
1 0.92578125 0.7875 0.1453125 0.19609375
1 0.92578125 0.9 0.1453125 0.19609375
1 0.83359375 0.9 0.1453125 0.19609375
1 0.28515625 0.12734375 0.1453125 0.19609375
1 0.67265625 0.15859375 0.1453125 0.19609375