2 0.4234375 0.5828125 0.4015625 0.45
1 0.8265625 0.76796875 0.1859375 0.221875
1 0.828125 0.56015625 0.1859375 0.221875
1 0.62109375 0.84453125 0.1859375 0.221875
1 0.31796875 0.84921875 0.1625 0.2078125
1 0.10625 0.8859375 0.153125 0.21875
1 0.23828125 0.9390625 0.1671875 0.121875
1 0.94140625 0.75234375 0.1171875 0.2296875
1 0.94296875 0.87421875 0.1140625 0.1671875
1 0.6609375 0.23828125 0.1640625 0.221875
1 0.88359375 0.2125 0.1609375 0.1765625
1 0.0734375 0.228125 0.146875 0.225
1 0.0796875 0.553125 0.159375 0.221875
1 0.284375 0.1453125 0.165625 0.221875
1 0.65703125 0.45 0.165625 0.221875
1 0.46171875 0.08984375 0.1953125 0.1796875
1 0.53046875 0.26953125 0.1953125 0.190625
1 0.79140625 0.36171875 0.1984375 0.2078125
1 0.15 0.41015625 0.1953125 0.2234375
1 0.32890625 0.290625 0.16875 0.1953125