1 0.21015625 0.7234375 0.1625 0.2125
1 0.16171875 0.49765625 0.196875 0.2875
1 0.3765625 0.45 0.1734375 0.21875
1 0.88046875 0.67578125 0.1640625 0.1984375
1 0.64296875 0.8359375 0.2 0.2125
1 0.80390625 0.29375 0.146875 0.1671875
1 0.43671875 0.753125 0.175 0.23125
1 0.83046875 0.78046875 0.1484375 0.203125
1 0.66328125 0.24765625 0.1453125 0.1796875
1 0.62265625 0.578125 0.1609375 0.171875
1 0.78125 0.53046875 0.1578125 0.2
1 0.6640625 0.50546875 0.15 0.1609375
2 0.41953125 0.16171875 0.4203125 0.3234375