1 0.128125 0.48125 0.20625 0.2296875
1 0.065625 0.74296875 0.13125 0.2296875
1 0.19609375 0.10859375 0.2109375 0.2171875
1 0.3109375 0.19375 0.2109375 0.2375
1 0.36171875 0.346875 0.225 0.28125
1 0.5234375 0.18046875 0.1859375 0.2234375
1 0.66171875 0.32734375 0.19375 0.2140625
1 0.5546875 0.78203125 0.23125 0.2609375
1 0.2921875 0.86328125 0.2390625 0.2421875
1 0.315625 0.64296875 0.2046875 0.2234375
1 0.36796875 0.58046875 0.16875 0.1859375
1 0.6375 0.928125 0.259375 0.14375
1 0.9015625 0.5359375 0.196875 0.196875
1 0.76171875 0.715625 0.1609375 0.19375
1 0.82734375 0.76171875 0.1875 0.246875
2 0.875 0.28203125 0.25 0.4265625
0 0.70390625 0.4859375 0.134375 0.1703125
0 0.10390625 0.6484375 0.0859375 0.103125
0 0.14140625 0.84765625 0.0953125 0.0953125