1 0.89765625 0.34375 0.1796875 0.2609375
1 0.92890625 0.13828125 0.1421875 0.2140625
1 0.77109375 0.10078125 0.2046875 0.1734375
1 0.51640625 0.12734375 0.2 0.2484375
1 0.3453125 0.465625 0.2 0.25625
1 0.7765625 0.68359375 0.16875 0.225
1 0.90078125 0.80234375 0.1671875 0.240625
1 0.6234375 0.8140625 0.16875 0.240625
1 0.4625 0.7375 0.16875 0.2203125
1 0.2828125 0.7015625 0.1921875 0.225
1 0.1 0.840625 0.1921875 0.225
1 0.34296875 0.2171875 0.1703125 0.2234375
1 0.528125 0.9265625 0.153125 0.146875
1 0.73515625 0.93515625 0.1859375 0.1296875
2 0.64921875 0.38515625 0.4109375 0.5046875
0 0.21328125 0.46171875 0.11875 0.1484375
0 0.26484375 0.10859375 0.0796875 0.090625