2 0.69453125 0.16953125 0.3078125 0.3171875
1 0.2734375 0.24296875 0.215625 0.275
1 0.528125 0.359375 0.215625 0.275
1 0.3875 0.48515625 0.2109375 0.321875
1 0.24609375 0.45703125 0.2 0.2609375
1 0.7125 0.40546875 0.2 0.2609375
1 0.62265625 0.66875 0.2 0.2609375
1 0.48046875 0.865625 0.2203125 0.26875
1 0.096875 0.6671875 0.19375 0.284375
1 0.91953125 0.1984375 0.1609375 0.234375
1 0.94296875 0.51796875 0.1140625 0.2328125
1 0.890625 0.76875 0.175 0.3046875
1 0.765625 0.85625 0.19375 0.2421875
1 0.6296875 0.85859375 0.240625 0.2828125
1 0.0859375 0.4984375 0.171875 0.253125
1 0.81875 0.60859375 0.215625 0.275