1 0.8796875 0.4171875 0.1671875 0.2234375
1 0.71484375 0.4125 0.1671875 0.2234375
1 0.83515625 0.6328125 0.1671875 0.2234375
1 0.93828125 0.63046875 0.1234375 0.2171875
1 0.51640625 0.5390625 0.1625 0.2140625
1 0.653125 0.62421875 0.209375 0.203125
1 0.7140625 0.77890625 0.1953125 0.1640625
1 0.8859375 0.890625 0.1921875 0.178125
1 0.1984375 0.79921875 0.21875 0.2390625
1 0.39375 0.925 0.20625 0.15
1 0.55234375 0.74453125 0.171875 0.2234375
1 0.26484375 0.51875 0.1796875 0.25625
1 0.17734375 0.5703125 0.1765625 0.2234375
1 0.78984375 0.10859375 0.1671875 0.2171875
1 0.32265625 0.296875 0.1671875 0.2234375
2 0.5359375 0.20859375 0.384375 0.4171875