2 0.74140625 0.10546875 0.2765625 0.21015625
1 0.36171875 0.11796875 0.1703125 0.23125
1 0.26171875 0.434375 0.1703125 0.23125
1 0.24296875 0.23828125 0.1703125 0.23125
1 0.14921875 0.259375 0.1703125 0.23125
1 0.07265625 0.35078125 0.1453125 0.23984375
1 0.08828125 0.475 0.1734375 0.24140625
1 0.74765625 0.68125 0.1734375 0.24140625
1 0.35390625 0.85390625 0.1703125 0.20390625
1 0.21796875 0.84609375 0.1703125 0.20390625
1 0.46953125 0.41015625 0.1515625 0.19609375
1 0.86171875 0.50859375 0.1734375 0.20390625
1 0.57890625 0.85390625 0.1703125 0.25
1 0.41328125 0.7 0.1984375 0.2375
1 0.55859375 0.5375 0.1984375 0.2375
1 0.7875 0.31484375 0.215625 0.24140625
1 0.54609375 0.28125 0.1765625 0.24140625
0 0.2578125 0.59453125 0.0625 0.07265625
0 0.4703125 0.91953125 0.0625 0.07265625