1 0.77578125 0.66015625 0.1453125 0.19609375
1 0.77890625 0.80390625 0.1453125 0.19609375
1 0.39453125 0.88203125 0.1515625 0.23125
1 0.49609375 0.778125 0.1515625 0.23125
1 0.31796875 0.46875 0.1265625 0.22109375
1 0.40078125 0.23828125 0.1609375 0.26484375
1 0.17109375 0.38046875 0.1546875 0.21875
1 0.93203125 0.4625 0.1328125 0.2125
1 0.13984375 0.73359375 0.1671875 0.20859375
1 0.8671875 0.22109375 0.16875 0.20859375
1 0.678125 0.10625 0.16875 0.20859375
1 0.2296875 0.14140625 0.140625 0.18359375
1 0.06875 0.15625 0.1375 0.18359375
1 0.46640625 0.60625 0.1640625 0.18359375
1 0.06171875 0.38984375 0.1234375 0.20859375
1 0.2234375 0.56796875 0.11875 0.18984375
2 0.640625 0.390625 0.446875 0.40625