1 0.265625 0.20546875 0.2046875 0.2171875
1 0.43671875 0.178125 0.1796875 0.2234375
1 0.2546875 0.61796875 0.1875 0.228125
1 0.90390625 0.55703125 0.1796875 0.203125
1 0.57890625 0.29609375 0.1796875 0.203125
1 0.628125 0.28359375 0.1671875 0.1765625
1 0.790625 0.215625 0.1671875 0.1765625
1 0.10546875 0.48984375 0.2109375 0.2734375
1 0.20625 0.8421875 0.1796875 0.2296875
1 0.71796875 0.75 0.1640625 0.1953125
1 0.8328125 0.890625 0.20625 0.21875
1 0.38203125 0.36953125 0.1984375 0.2140625
1 0.5140625 0.83828125 0.1890625 0.2171875
1 0.08828125 0.13359375 0.14375 0.2390625
2 0.53203125 0.53984375 0.246875 0.29375
0 0.16875 0.36171875 0.075 0.0796875