1 0.21328125 0.89296875 0.2296875 0.2140625
1 0.2921875 0.34375 0.23125 0.2375
1 0.565625 0.553125 0.21875 0.209375
1 0.75078125 0.67734375 0.175 0.23125
1 0.85234375 0.87109375 0.18125 0.1953125
1 0.60390625 0.76953125 0.1890625 0.225
1 0.471875 0.73125 0.2171875 0.2640625
1 0.3546875 0.540625 0.1890625 0.225
1 0.82890625 0.10390625 0.1734375 0.2078125
1 0.20546875 0.540625 0.178125 0.225
1 0.2921875 0.12265625 0.1890625 0.2234375
1 0.925 0.31953125 0.1453125 0.2859375
2 0.60703125 0.24921875 0.4171875 0.4890625