1 0.69921875 0.23125 0.1515625 0.26640625
1 0.88984375 0.49921875 0.1578125 0.21875
1 0.81640625 0.090625 0.1671875 0.18125
1 0.3 0.47109375 0.16875 0.2
1 0.38671875 0.84140625 0.1703125 0.2375
1 0.615625 0.84765625 0.159375 0.19140625
1 0.2921875 0.66015625 0.16875 0.2
1 0.24140625 0.875 0.1734375 0.24140625
1 0.47890625 0.31640625 0.1734375 0.15390625
1 0.41484375 0.11875 0.1015625 0.2375
1 0.8703125 0.25859375 0.14375 0.1875
1 0.77890625 0.82890625 0.1484375 0.20390625
1 0.07109375 0.609375 0.1421875 0.21875
2 0.48359375 0.59453125 0.3390625 0.43984375