1 0.7421875 0.46328125 0.215625 0.26875
1 0.56328125 0.4234375 0.2046875 0.2453125
1 0.58828125 0.8984375 0.1734375 0.203125
1 0.79375 0.71953125 0.2234375 0.265625
1 0.85703125 0.6234375 0.178125 0.2375
1 0.91484375 0.23046875 0.1703125 0.2671875
1 0.38125 0.4125 0.184375 0.21875
1 0.19921875 0.4578125 0.209375 0.25625
1 0.384375 0.18046875 0.209375 0.25625
1 0.7515625 0.17265625 0.209375 0.25625
1 0.08515625 0.2625 0.14375 0.2453125
1 0.23046875 0.3375 0.2109375 0.228125
1 0.459375 0.2203125 0.2078125 0.209375
1 0.2125 0.875 0.2078125 0.20625
2 0.41015625 0.70234375 0.378125 0.4765625