1 0.6828125 0.58828125 0.1859375 0.2421875
1 0.825 0.509375 0.1859375 0.2421875
1 0.6671875 0.246875 0.1859375 0.2421875
1 0.47109375 0.19921875 0.1859375 0.2421875
1 0.36484375 0.1453125 0.1859375 0.2421875
1 0.1046875 0.30546875 0.209375 0.2390625
1 0.6953125 0.83515625 0.2296875 0.2328125
1 0.096875 0.8125 0.159375 0.221875
1 0.47578125 0.82890625 0.2296875 0.2328125
1 0.2734375 0.32109375 0.1859375 0.2421875
1 0.84375 0.17265625 0.1859375 0.2421875
1 0.87578125 0.86015625 0.1859375 0.2296875
1 0.0921875 0.11328125 0.184375 0.1703125
2 0.4171875 0.54765625 0.31875 0.4046875