1 0.340625 0.846875 0.196875 0.209375
1 0.16015625 0.89921875 0.1890625 0.2015625
1 0.3953125 0.290625 0.196875 0.209375
1 0.6671875 0.18046875 0.2015625 0.240625
1 0.715625 0.4125 0.1640625 0.2390625
1 0.9296875 0.5671875 0.140625 0.275
1 0.2953125 0.5265625 0.1703125 0.225
1 0.465625 0.7 0.1703125 0.225
1 0.18046875 0.75625 0.171875 0.2
1 0.484375 0.16484375 0.1984375 0.2640625
2 0.64453125 0.68515625 0.2296875 0.29375
0 0.22890625 0.46015625 0.0578125 0.0734375
2 0.9140625 0.27578125 0.1546875 0.26875