1 0.29296875 0.3125 0.1484375 0.21640625
1 0.20546875 0.10625 0.1515625 0.20390625
1 0.4640625 0.09609375 0.146875 0.19140625
1 0.6546875 0.11796875 0.146875 0.19375
1 0.92421875 0.31484375 0.1296875 0.175
1 0.90546875 0.74921875 0.1640625 0.19765625
1 0.37890625 0.68203125 0.1640625 0.19765625
1 0.16640625 0.871875 0.1640625 0.19765625
1 0.61171875 0.365625 0.1953125 0.20234375
1 0.3890625 0.81015625 0.15625 0.17890625
1 0.28125 0.53125 0.1875 0.26640625
2 0.59140625 0.65625 0.2953125 0.37890625