2 0.334375 0.49375 0.409375 0.4515625
1 0.76171875 0.465625 0.1828125 0.2
1 0.82421875 0.7546875 0.1828125 0.2
1 0.89921875 0.209375 0.2015625 0.26875
1 0.23125 0.2578125 0.1796875 0.221875
1 0.078125 0.853125 0.15625 0.159375
1 0.45859375 0.8296875 0.1984375 0.2328125
1 0.67578125 0.78359375 0.228125 0.2796875
1 0.0734375 0.6171875 0.146875 0.26875
1 0.109375 0.2328125 0.1609375 0.2078125
1 0.11953125 0.17421875 0.153125 0.1921875
1 0.74140625 0.1828125 0.1546875 0.1921875
0 0.1546875 0.80390625 0.0703125 0.08125