1 0.88828125 0.48203125 0.190625 0.2375
1 0.73046875 0.52890625 0.190625 0.2375
1 0.7890625 0.284375 0.190625 0.2375
1 0.89765625 0.25703125 0.1640625 0.2296875
1 0.50546875 0.45859375 0.184375 0.228125
1 0.615625 0.340625 0.2296875 0.2234375
1 0.634375 0.17578125 0.209375 0.184375
1 0.771875 0.0609375 0.209375 0.121875
1 0.13125 0.2890625 0.2421875 0.259375
1 0.2859375 0.109375 0.221875 0.1859375
1 0.4875 0.25 0.1953125 0.2390625
1 0.26796875 0.54296875 0.20625 0.271875
1 0.1703125 0.515625 0.2 0.2390625
1 0.8828125 0.80546875 0.190625 0.2375
1 0.38125 0.7421875 0.190625 0.2375
2 0.61171875 0.771875 0.4265625 0.45625