1 0.28515625 0.39296875 0.203125 0.2515625
1 0.6703125 0.73984375 0.203125 0.2515625
1 0.69609375 0.265625 0.203125 0.2515625
1 0.5625 0.503125 0.1390625 0.2546875
1 0.33125 0.62734375 0.2171875 0.259375
1 0.475 0.13203125 0.1890625 0.240625
1 0.2890625 0.18515625 0.2203125 0.2234375
1 0.85859375 0.4078125 0.203125 0.2515625
1 0.7875 0.0953125 0.178125 0.190625
1 0.640625 0.9125 0.1953125 0.16875
1 0.49140625 0.51328125 0.203125 0.246875
1 0.16484375 0.2078125 0.2109375 0.221875
2 0.409375 0.83203125 0.371875 0.3359375