1 0.70546875 0.8046875 0.215625 0.2640625
1 0.3015625 0.38125 0.215625 0.2640625
1 0.1140625 0.29921875 0.215625 0.2640625
1 0.0859375 0.58203125 0.171875 0.225
1 0.14296875 0.80390625 0.1828125 0.2421875
1 0.31015625 0.8796875 0.1828125 0.240625
1 0.4890625 0.87578125 0.1828125 0.2421875
1 0.5 0.6875 0.228125 0.2203125
1 0.90234375 0.39375 0.1953125 0.2625
1 0.7390625 0.58203125 0.196875 0.2
1 0.44375 0.1484375 0.1578125 0.2203125
1 0.87734375 0.19765625 0.19375 0.23125
1 0.6015625 0.07890625 0.165625 0.1578125
1 0.25390625 0.09296875 0.165625 0.16875
2 0.575 0.371875 0.465625 0.5