1 0.1015625 0.45703125 0.1640625 0.23125
1 0.55234375 0.68046875 0.1921875 0.215625
1 0.82890625 0.54375 0.1984375 0.2140625
1 0.8171875 0.77890625 0.2015625 0.2390625
1 0.7015625 0.3015625 0.2015625 0.2390625
1 0.28515625 0.18125 0.1703125 0.2078125
1 0.28125 0.878125 0.1703125 0.2078125
1 0.6484375 0.87734375 0.1703125 0.2078125
1 0.4828125 0.1203125 0.1703125 0.2078125
1 0.5671875 0.62421875 0.1921875 0.215625
1 0.13125 0.4859375 0.1640625 0.23125
2 0.38046875 0.49765625 0.4484375 0.4859375
0 0.1890625 0.75703125 0.08125 0.1015625