1 0.7234375 0.88203125 0.15 0.22265625
1 0.8 0.29453125 0.165625 0.21875
1 0.7375 0.60703125 0.184375 0.19765625
1 0.3625 0.67265625 0.140625 0.20859375
1 0.25859375 0.81484375 0.1546875 0.2
1 0.309375 0.89609375 0.159375 0.1625
1 0.56640625 0.240625 0.1703125 0.21484375
1 0.6984375 0.64765625 0.140625 0.19609375
1 0.93828125 0.353125 0.1140625 0.22265625
1 0.93203125 0.17578125 0.1328125 0.19375
2 0.31015625 0.21640625 0.3984375 0.4328125
0 0.95390625 0.85234375 0.0640625 0.07890625
0 0.084375 0.51328125 0.059375 0.06015625