1 0.403125 0.69609375 0.159375 0.1875
1 0.5734375 0.73828125 0.171875 0.18984375
1 0.8171875 0.81171875 0.171875 0.21875
1 0.9125 0.459375 0.171875 0.21875
1 0.4140625 0.453125 0.171875 0.21875
1 0.4078125 0.240625 0.171875 0.21875
1 0.55 0.19375 0.190625 0.25
1 0.653125 0.39296875 0.1625 0.21015625
1 0.7515625 0.340625 0.178125 0.24375
1 0.7390625 0.57265625 0.178125 0.17890625
1 0.80234375 0.10390625 0.1859375 0.2078125
1 0.2859375 0.28671875 0.140625 0.21875
1 0.078125 0.32109375 0.15625 0.21640625
1 0.0921875 0.51640625 0.15625 0.20390625
1 0.7140625 0.634375 0.13125 0.23515625
2 0.190625 0.80078125 0.353125 0.39375