1 0.278125 0.17421875 0.1765625 0.21875
1 0.4140625 0.4390625 0.171875 0.2515625
1 0.52421875 0.6796875 0.16875 0.2140625
1 0.715625 0.72265625 0.1796875 0.2046875
1 0.8671875 0.8625 0.1984375 0.24375
1 0.9015625 0.16484375 0.1703125 0.2234375
1 0.16875 0.37890625 0.21875 0.275
1 0.09296875 0.52890625 0.1859375 0.2546875
1 0.69296875 0.1796875 0.190625 0.2375
1 0.56953125 0.840625 0.190625 0.2375
1 0.065625 0.2484375 0.13125 0.234375
2 0.79609375 0.43203125 0.3328125 0.3875
0 0.153125 0.196875 0.078125 0.0875