1 0.134375 0.91640625 0.15625 0.1625
1 0.1359375 0.19921875 0.165625 0.21015625
1 0.2265625 0.38671875 0.15 0.25625
1 0.34453125 0.51015625 0.1171875 0.25859375
1 0.3796875 0.240625 0.165625 0.21015625
1 0.5390625 0.27421875 0.19375 0.20625
1 0.51015625 0.09609375 0.1953125 0.19140625
1 0.51328125 0.525 0.2140625 0.25859375
1 0.77578125 0.23515625 0.1515625 0.19609375
1 0.87890625 0.63515625 0.1515625 0.19609375
1 0.47265625 0.88984375 0.1640625 0.20390625
1 0.6875 0.83203125 0.165625 0.22265625
1 0.91796875 0.28125 0.1421875 0.18359375
2 0.09453125 0.64921875 0.1890625 0.39765625