1 0.16484375 0.81484375 0.1703125 0.25
1 0.38515625 0.759375 0.2234375 0.21015625
1 0.14375 0.21015625 0.184375 0.225
1 0.590625 0.19765625 0.184375 0.225
1 0.41015625 0.29609375 0.1859375 0.25
1 0.91328125 0.509375 0.1546875 0.20625
1 0.20859375 0.46875 0.1609375 0.21640625
1 0.253125 0.38671875 0.13125 0.17734375
1 0.3828125 0.53125 0.178125 0.1875
1 0.29765625 0.12265625 0.1390625 0.19140625
1 0.8703125 0.25078125 0.178125 0.20234375
1 0.06171875 0.41484375 0.1234375 0.24609375
1 0.80390625 0.43125 0.0953125 0.13359375
2 0.6078125 0.65078125 0.4 0.51015625