1 0.7546875 0.146875 0.146875 0.17734375
1 0.51640625 0.21953125 0.1640625 0.20234375
1 0.2875 0.284375 0.1625 0.17265625
1 0.09609375 0.26796875 0.1234375 0.26015625
1 0.85078125 0.4375 0.1796875 0.26640625
1 0.53515625 0.428125 0.1640625 0.20234375
1 0.4234375 0.43671875 0.14375 0.20234375
1 0.50390625 0.765625 0.1640625 0.20234375
1 0.58671875 0.63984375 0.1796875 0.20859375
1 0.68984375 0.54609375 0.1796875 0.20859375
1 0.87109375 0.72890625 0.1796875 0.20859375
1 0.25703125 0.45546875 0.1515625 0.18984375
1 0.18828125 0.47578125 0.1515625 0.18984375
1 0.25390625 0.665625 0.1828125 0.19765625
1 0.38203125 0.86328125 0.1828125 0.19765625
1 0.359375 0.09921875 0.225 0.19765625
1 0.7234375 0.740625 0.146875 0.17734375
1 0.703125 0.846875 0.146875 0.17734375
2 0.18671875 0.89765625 0.3078125 0.2