1 0.5828125 0.59453125 0.15 0.21484375
1 0.34375 0.671875 0.15 0.21484375
1 0.421875 0.67421875 0.15 0.21484375
1 0.4546875 0.853125 0.1625 0.20625
1 0.20625 0.80078125 0.1625 0.20625
1 0.0796875 0.81796875 0.159375 0.20625
1 0.61875 0.9125 0.15 0.17109375
1 0.6765625 0.8875 0.15 0.17109375
1 0.7140625 0.83359375 0.15 0.17109375
1 0.778125 0.78984375 0.15 0.17109375
1 0.815625 0.74765625 0.15 0.17109375
1 0.846875 0.71640625 0.15 0.17109375
1 0.75625 0.50234375 0.15 0.17109375
1 0.8078125 0.51875 0.15 0.17109375
1 0.8640625 0.54609375 0.15 0.17109375
1 0.68515625 0.29375 0.1546875 0.21640625
1 0.0765625 0.33359375 0.153125 0.21640625
1 0.2015625 0.25 0.15625 0.21640625
1 0.35234375 0.296875 0.1328125 0.16875
1 0.60078125 0.109375 0.1328125 0.16875
1 0.93203125 0.371875 0.1328125 0.16875
2 0.8765625 0.16953125 0.221875 0.25625
1 0.4328125 0.48671875 0.15 0.21484375
1 0.3265625 0.190625 0.15 0.21484375
0 0.29296875 0.05390625 0.0484375 0.05859375