1 0.81015625 0.52734375 0.2109375 0.225
1 0.640625 0.76796875 0.16875 0.21015625
1 0.54375 0.89296875 0.16875 0.21015625
1 0.2515625 0.565625 0.16875 0.21015625
1 0.390625 0.89296875 0.16875 0.21015625
1 0.7703125 0.153125 0.16875 0.21015625
1 0.6484375 0.103125 0.16875 0.20625
1 0.94765625 0.659375 0.1015625 0.20234375
1 0.50234375 0.334375 0.1015625 0.20234375
1 0.43359375 0.70078125 0.1640625 0.18515625
1 0.0828125 0.8625 0.165625 0.24140625
0 0.778125 0.63984375 0.0625 0.075
2 0.1125 0.10625 0.2 0.2125