1 0.36171875 0.759375 0.1984375 0.16484375
1 0.43359375 0.50078125 0.1953125 0.22734375
1 0.2109375 0.34765625 0.134375 0.16640625
1 0.2328125 0.63046875 0.140625 0.24375
1 0.08671875 0.43671875 0.1609375 0.20234375
1 0.09296875 0.61796875 0.1796875 0.18984375
1 0.55546875 0.56171875 0.1796875 0.18984375
1 0.6796875 0.578125 0.19375 0.20625
1 0.3421875 0.93046875 0.1875 0.13515625
0 0.73046875 0.86640625 0.0546875 0.07109375
0 0.63359375 0.95 0.0796875 0.07109375
0 0.8734375 0.82734375 0.08125 0.11640625
0 0.7625 0.9375 0.08125 0.09609375
0 0.67734375 0.159375 0.0796875 0.07734375
0 0.13359375 0.18515625 0.0484375 0.05859375
2 0.11015625 0.84296875 0.2046875 0.31015625