1 0.740625 0.53828125 0.19375 0.23984375
1 0.43984375 0.86171875 0.1734375 0.17734375
1 0.13828125 0.10390625 0.1734375 0.20390625
1 0.27578125 0.59140625 0.1734375 0.20390625
1 0.65859375 0.35625 0.1734375 0.20390625
1 0.08359375 0.40234375 0.1671875 0.22890625
1 0.46796875 0.35625 0.1734375 0.20390625
1 0.90703125 0.21640625 0.1734375 0.20390625
1 0.72734375 0.08046875 0.1484375 0.16015625
1 0.07109375 0.71953125 0.1421875 0.19375
2 0.49453125 0.61796875 0.1984375 0.30234375
0 0.11484375 0.83359375 0.0421875 0.05859375
0 0.1390625 0.93984375 0.040625 0.08359375