1 0.2375 0.14375 0.171875 0.2375
1 0.2234375 0.7359375 0.1875 0.234375
1 0.25234375 0.41875 0.2046875 0.215625
1 0.61875 0.3140625 0.1609375 0.221875
1 0.70703125 0.16171875 0.175 0.215625
1 0.6484375 0.0875 0.175 0.175
1 0.4609375 0.76484375 0.1921875 0.23125
1 0.2875 0.37421875 0.1609375 0.209375
1 0.0796875 0.6921875 0.1359375 0.2328125
1 0.10390625 0.86796875 0.1515625 0.20625
2 0.71875 0.7625 0.4421875 0.471875
0 0.0234375 0.19609375 0.046875 0.0859375
0 0.91171875 0.44296875 0.065625 0.065625