2 0.53984375 0.46015625 0.3875 0.4859375
1 0.334375 0.77265625 0.196875 0.2421875
1 0.2796875 0.8859375 0.196875 0.228125
1 0.10625 0.8328125 0.1640625 0.2375
1 0.23359375 0.58203125 0.2328125 0.2421875
1 0.24765625 0.36171875 0.2328125 0.2421875
1 0.8015625 0.2859375 0.2328125 0.2421875
1 0.88125 0.2453125 0.2 0.215625
1 0.90625 0.490625 0.1875 0.25625
1 0.840625 0.7265625 0.2015625 0.25625
1 0.646875 0.7546875 0.2234375 0.259375
1 0.5296875 0.7859375 0.2234375 0.259375
1 0.55625 0.89921875 0.2125 0.2015625
1 0.0921875 0.37265625 0.184375 0.2296875
1 0.8640625 0.06796875 0.178125 0.1359375
0 0.64765625 0.0421875 0.0796875 0.084375
0 0.75078125 0.10078125 0.0796875 0.0890625
0 0.1078125 0.515625 0.0796875 0.0890625