1 0.565625 0.41796875 0.1984375 0.2109375
1 0.6625 0.60234375 0.2078125 0.2515625
1 0.66484375 0.6078125 0.2078125 0.2515625
1 0.80703125 0.521875 0.1953125 0.234375
1 0.8609375 0.93515625 0.16875 0.1296875
1 0.14765625 0.80625 0.184375 0.2125
1 0.1390625 0.56875 0.184375 0.2265625
1 0.91875 0.32265625 0.153125 0.2015625
1 0.83984375 0.7328125 0.153125 0.2015625
1 0.88203125 0.55703125 0.153125 0.2015625
1 0.43984375 0.33828125 0.1296875 0.2296875
1 0.3203125 0.76875 0.1640625 0.196875
1 0.2609375 0.59296875 0.178125 0.196875
1 0.43828125 0.07109375 0.1734375 0.1421875
1 0.71953125 0.4046875 0.1640625 0.21875
2 0.25390625 0.284375 0.35 0.45625
0 0.53203125 0.16640625 0.0734375 0.0859375