1 0.84375 0.2375 0.2328125 0.25
1 0.50546875 0.54921875 0.2078125 0.1984375
1 0.6375 0.375 0.2 0.246875
1 0.61796875 0.7046875 0.2234375 0.25625
1 0.58984375 0.91171875 0.2140625 0.1765625
1 0.2296875 0.08984375 0.23125 0.1796875
1 0.13046875 0.246875 0.19375 0.225
1 0.08203125 0.7234375 0.1640625 0.24375
1 0.15390625 0.86171875 0.196875 0.1796875
1 0.3203125 0.896875 0.196875 0.1796875
1 0.81015625 0.8078125 0.2078125 0.2484375
1 0.625 0.28671875 0.2078125 0.2484375
1 0.4125 0.16875 0.1921875 0.20625
1 0.32421875 0.74609375 0.24375 0.2890625
1 0.9015625 0.7078125 0.1640625 0.2234375
1 0.07578125 0.53359375 0.1515625 0.2203125
0 0.55078125 0.1375 0.1046875 0.115625
0 0.865625 0.55625 0.1234375 0.1515625
2 0.25703125 0.4328125 0.40625 0.471875