1 0.33828125 0.67734375 0.1484375 0.2078125
1 0.86171875 0.6890625 0.1484375 0.2078125
1 0.93828125 0.31328125 0.1234375 0.2078125
1 0.3171875 0.4609375 0.1953125 0.23125
1 0.4703125 0.52578125 0.1765625 0.2359375
1 0.38515625 0.2703125 0.1625 0.2359375
1 0.7421875 0.39921875 0.18125 0.2359375
1 0.14453125 0.37734375 0.175 0.2171875
1 0.18125 0.88046875 0.209375 0.2015625
1 0.6546875 0.0890625 0.2015625 0.165625
1 0.6140625 0.5859375 0.1765625 0.2359375
1 0.91640625 0.5140625 0.1671875 0.171875
1 0.1453125 0.64140625 0.1828125 0.25625
1 0.2203125 0.1859375 0.178125 0.240625
0 0.3453125 0.1109375 0.08125 0.1
2 0.6484375 0.83203125 0.371875 0.3359375