1 0.4890625 0.41015625 0.1625 0.19609375
1 0.34375 0.14375 0.1625 0.19609375
1 0.8421875 0.44140625 0.1375 0.14609375
1 0.91484375 0.7 0.1671875 0.21640625
1 0.21484375 0.83984375 0.1703125 0.15859375
1 0.08359375 0.25859375 0.1390625 0.24609375
1 0.6625 0.434375 0.1875 0.24375
1 0.54765625 0.65859375 0.1640625 0.21640625
1 0.94609375 0.071875 0.1046875 0.14375
1 0.6625 0.903125 0.15 0.17265625
1 0.08671875 0.7625 0.1421875 0.17890625
2 0.23125 0.584375 0.271875 0.32265625
2 0.42421875 0.921875 0.0484375 0.05625