1 0.37109375 0.89609375 0.1734375 0.2078125
1 0.45859375 0.65625 0.1703125 0.2875
1 0.43046875 0.33046875 0.19375 0.25
1 0.83359375 0.72890625 0.1953125 0.28125
1 0.6140625 0.85703125 0.15 0.203125
1 0.06875 0.91484375 0.125 0.1703125
1 0.6390625 0.525 0.190625 0.240625
1 0.078125 0.35390625 0.15625 0.1921875
1 0.1 0.1953125 0.1890625 0.20625
1 0.4578125 0.103125 0.1265625 0.2015625
1 0.05390625 0.55546875 0.1078125 0.2515625
1 0.94140625 0.16953125 0.1109375 0.2484375
1 0.94609375 0.6234375 0.1078125 0.19375
1 0.534375 0.878125 0.15 0.203125
2 0.228125 0.70546875 0.2375 0.2890625