1 0.45078125 0.596875 0.2140625 0.221875
1 0.4265625 0.90859375 0.184375 0.1828125
1 0.27734375 0.7375 0.1859375 0.1859375
1 0.17578125 0.78359375 0.15625 0.1828125
1 0.81640625 0.928125 0.1609375 0.14375
1 0.23828125 0.4734375 0.1578125 0.184375
1 0.73515625 0.13203125 0.1578125 0.184375
1 0.81640625 0.15625 0.1578125 0.184375
1 0.459375 0.125 0.1578125 0.184375
1 0.79609375 0.74296875 0.171875 0.2375
1 0.6390625 0.928125 0.171875 0.14375
1 0.10234375 0.546875 0.1703125 0.2203125
2 0.48125 0.32265625 0.209375 0.278125
0 0.634375 0.81953125 0.065625 0.0890625
0 0.41640625 0.8 0.065625 0.0890625