1 0.621875 0.68359375 0.1765625 0.253125
1 0.734375 0.159375 0.196875 0.21875
1 0.753125 0.54453125 0.2078125 0.25625
1 0.82109375 0.33984375 0.1953125 0.1859375
1 0.19921875 0.08359375 0.1671875 0.1671875
1 0.08359375 0.37890625 0.1671875 0.2140625
1 0.07421875 0.59921875 0.1484375 0.2140625
1 0.4890625 0.84140625 0.2140625 0.25
1 0.3578125 0.646875 0.1859375 0.2421875
1 0.2 0.678125 0.1859375 0.2421875
1 0.23046875 0.79609375 0.1859375 0.2421875
1 0.9328125 0.5734375 0.134375 0.21875
1 0.23203125 0.43671875 0.165625 0.2125
2 0.459375 0.40546875 0.3859375 0.4890625