1 0.56953125 0.35390625 0.1625 0.1984375
1 0.840625 0.46953125 0.1765625 0.2
1 0.6828125 0.5375 0.215625 0.24375
1 0.3109375 0.31015625 0.1796875 0.234375
1 0.1484375 0.29453125 0.1828125 0.2125
1 0.38046875 0.7078125 0.16875 0.203125
1 0.24765625 0.73515625 0.16875 0.203125
1 0.25390625 0.54375 0.16875 0.203125
1 0.72265625 0.74375 0.16875 0.203125
1 0.865625 0.771875 0.171875 0.221875
1 0.06484375 0.8265625 0.1296875 0.20625
1 0.5453125 0.10625 0.1578125 0.1875
2 0.525 0.871875 0.340625 0.25625
0 0.9453125 0.85859375 0.0546875 0.0828125
0 0.2171875 0.1171875 0.0625 0.0703125