1 0.1375 0.66796875 0.15 0.20625
1 0.153125 0.803125 0.165625 0.21484375
1 0.3828125 0.79296875 0.165625 0.21484375
1 0.403125 0.63046875 0.165625 0.21484375
1 0.30859375 0.61328125 0.1328125 0.18515625
1 0.7265625 0.49140625 0.159375 0.19140625
1 0.8875 0.45234375 0.2 0.19140625
1 0.35234375 0.29453125 0.1578125 0.20625
1 0.07578125 0.35078125 0.1515625 0.23984375
1 0.13046875 0.13046875 0.2015625 0.21484375
1 0.9171875 0.25859375 0.1625 0.24140625
1 0.859375 0.89140625 0.2 0.17890625
1 0.625 0.75625 0.1625 0.24140625
2 0.62734375 0.225 0.4390625 0.45