1 0.375 0.49609375 0.1859375 0.1875
1 0.54765625 0.365625 0.1859375 0.1875
1 0.54296875 0.54375 0.1796875 0.2140625
1 0.521875 0.90703125 0.178125 0.1859375
1 0.71953125 0.89765625 0.1859375 0.2046875
1 0.4203125 0.76484375 0.1984375 0.228125
1 0.1046875 0.80703125 0.1953125 0.2203125
1 0.9171875 0.33984375 0.165625 0.2140625
1 0.6234375 0.146875 0.1796875 0.2140625
1 0.134375 0.66640625 0.1796875 0.2140625
1 0.21796875 0.90859375 0.1171875 0.146875
1 0.940625 0.11796875 0.11875 0.1671875
1 0.71484375 0.353125 0.1484375 0.1828125
1 0.76171875 0.146875 0.1296875 0.1703125
2 0.44375 0.15390625 0.2546875 0.2609375
0 0.4234375 0.3234375 0.075 0.1
0 0.5546875 0.7796875 0.075 0.1