1 0.296875 0.72421875 0.196875 0.26875
1 0.496875 0.7625 0.175 0.1828125
1 0.16484375 0.50703125 0.178125 0.3140625
1 0.33828125 0.32578125 0.1671875 0.2234375
1 0.76640625 0.921875 0.1828125 0.15625
1 0.2671875 0.06875 0.125 0.1375
1 0.59921875 0.1671875 0.215625 0.23125
1 0.4515625 0.19609375 0.146875 0.2046875
1 0.91640625 0.61171875 0.1671875 0.2390625
1 0.115625 0.8234375 0.16875 0.2390625
1 0.08125 0.0828125 0.125 0.165625
2 0.55390625 0.47890625 0.3296875 0.38125
1 0.76171875 0.51640625 0.175 0.1828125
1 0.6984375 0.265625 0.2078125 0.2375