1 0.2640625 0.565625 0.1875 0.24765625
1 0.446875 0.58359375 0.178125 0.225
1 0.3625 0.10390625 0.15 0.2078125
1 0.18203125 0.31796875 0.1953125 0.24375
1 0.13046875 0.42109375 0.1515625 0.22109375
1 0.11015625 0.81875 0.1609375 0.25
1 0.62890625 0.57265625 0.1609375 0.2
1 0.80390625 0.50546875 0.1828125 0.23515625
1 0.65390625 0.803125 0.1828125 0.23515625
1 0.28984375 0.85546875 0.1828125 0.23515625
1 0.940625 0.68515625 0.115625 0.23359375
1 0.7875 0.628125 0.1875 0.20625
1 0.57421875 0.77265625 0.1859375 0.1875
1 0.73984375 0.09296875 0.1859375 0.18515625
2 0.56484375 0.28828125 0.3265625 0.43984375