1 0.67421875 0.10625 0.1765625 0.2125
1 0.82265625 0.6671875 0.190625 0.2375
1 0.72265625 0.36484375 0.2078125 0.21875
1 0.3421875 0.3453125 0.165625 0.2234375
1 0.221875 0.2171875 0.178125 0.2171875
1 0.2625 0.13046875 0.178125 0.18125
1 0.59765625 0.74921875 0.1953125 0.234375
1 0.67890625 0.32890625 0.1640625 0.2125
1 0.94140625 0.5921875 0.1171875 0.234375
1 0.9453125 0.76953125 0.109375 0.2078125
2 0.34609375 0.7828125 0.4484375 0.434375
0 0.9078125 0.0953125 0.0734375 0.0859375
0 0.0859375 0.5375 0.065625 0.0671875