1 0.20703125 0.746875 0.2046875 0.203125
1 0.0734375 0.6546875 0.146875 0.203125
1 0.39453125 0.87265625 0.1640625 0.228125
1 0.15859375 0.215625 0.2296875 0.253125
1 0.23984375 0.396875 0.2296875 0.253125
1 0.871875 0.54375 0.2296875 0.253125
1 0.7734375 0.4953125 0.2296875 0.253125
1 0.52109375 0.51015625 0.1828125 0.196875
1 0.23515625 0.07265625 0.2265625 0.1453125
1 0.925 0.33359375 0.15 0.2390625
1 0.84140625 0.87734375 0.2109375 0.2453125
1 0.590625 0.93046875 0.184375 0.1390625
0 0.434375 0.17265625 0.078125 0.0984375
0 0.91328125 0.20390625 0.0875 0.1140625
2 0.6171875 0.20234375 0.390625 0.4046875