1 0.57421875 0.70390625 0.2078125 0.2421875
1 0.4390625 0.6875 0.1703125 0.2
1 0.08984375 0.3109375 0.1796875 0.28125
1 0.859375 0.27890625 0.2078125 0.2421875
1 0.32734375 0.48125 0.2109375 0.246875
1 0.45 0.46484375 0.190625 0.2296875
1 0.54375 0.4546875 0.190625 0.21875
1 0.4015625 0.8921875 0.190625 0.215625
1 0.06953125 0.6015625 0.1390625 0.228125
1 0.3265625 0.715625 0.190625 0.21875
1 0.71875 0.30390625 0.1890625 0.2421875
1 0.821875 0.53984375 0.228125 0.2609375
1 0.80234375 0.74296875 0.228125 0.2609375
2 0.49921875 0.1984375 0.4421875 0.396875