1 0.08828125 0.70703125 0.1625 0.259375
1 0.1828125 0.37890625 0.1984375 0.275
1 0.60390625 0.5421875 0.1609375 0.228125
1 0.4203125 0.6078125 0.1953125 0.190625
1 0.56796875 0.7453125 0.2109375 0.2296875
1 0.38984375 0.84140625 0.2109375 0.2296875
1 0.58046875 0.1046875 0.1703125 0.209375
1 0.70390625 0.24296875 0.2171875 0.196875
1 0.828125 0.85546875 0.196875 0.2375
1 0.790625 0.61484375 0.2203125 0.234375
1 0.16953125 0.90546875 0.2078125 0.1890625
1 0.284375 0.13984375 0.1703125 0.2171875
1 0.85703125 0.3671875 0.1703125 0.2171875
1 0.76796875 0.0671875 0.1671875 0.134375
2 0.43359375 0.32578125 0.3703125 0.4921875