1 0.10078125 0.59140625 0.1515625 0.20859375
1 0.40234375 0.66875 0.1515625 0.20859375
1 0.6 0.38515625 0.1875 0.21640625
1 0.50625 0.221875 0.171875 0.21015625
1 0.34453125 0.08828125 0.1921875 0.1765625
1 0.3796875 0.42109375 0.16875 0.20859375
1 0.7515625 0.89296875 0.16875 0.21015625
1 0.828125 0.51171875 0.16875 0.21015625
1 0.828125 0.11640625 0.1375 0.17109375
1 0.8875 0.3375 0.1375 0.17109375
1 0.0890625 0.78984375 0.178125 0.24609375
1 0.2609375 0.74140625 0.178125 0.20390625
2 0.64140625 0.66953125 0.2203125 0.26015625
0 0.50703125 0.74296875 0.0609375 0.06484375
0 0.7109375 0.44765625 0.05625 0.075