2 0.3265625 0.40703125 0.3109375 0.384375
0 0.16328125 0.53984375 0.075 0.084375
0 0.13046875 0.4953125 0.075 0.084375
0 0.49140625 0.96875 0.0671875 0.0625
1 0.2625 0.1203125 0.2171875 0.234375
1 0.8203125 0.89765625 0.221875 0.2046875
1 0.684375 0.19921875 0.225 0.3046875
1 0.81796875 0.29765625 0.1984375 0.175
1 0.5171875 0.6953125 0.196875 0.2078125
1 0.3859375 0.7375 0.196875 0.2078125
1 0.44921875 0.1703125 0.196875 0.2078125
1 0.5140625 0.271875 0.209375 0.2390625
1 0.93984375 0.1734375 0.1203125 0.25
1 0.86328125 0.47265625 0.2359375 0.240625
1 0.8625 0.62421875 0.2015625 0.2
1 0.65703125 0.6296875 0.203125 0.2140625
1 0.25 0.62109375 0.2203125 0.2203125
1 0.10078125 0.73203125 0.2015625 0.2203125