1 0.115625 0.55625 0.153125 0.2125
1 0.2796875 0.57265625 0.153125 0.2125
1 0.175 0.34375 0.153125 0.2125
1 0.06328125 0.3375 0.1265625 0.20859375
1 0.48671875 0.46015625 0.1484375 0.20390625
1 0.35625 0.365625 0.196875 0.18984375
1 0.30625 0.20703125 0.184375 0.15234375
1 0.1421875 0.08359375 0.18125 0.16640625
1 0.821875 0.22265625 0.203125 0.225
1 0.6359375 0.07578125 0.196875 0.1515625
1 0.46484375 0.25234375 0.1578125 0.2125
1 0.7359375 0.49765625 0.1625 0.24609375
1 0.8265625 0.45234375 0.1625 0.2125
1 0.1828125 0.87265625 0.153125 0.2125
1 0.6625 0.71484375 0.153125 0.2125
2 0.44375 0.79453125 0.35625 0.40625