1 0.6609375 0.3375 0.234375 0.17890625
1 0.6078125 0.653125 0.146875 0.17734375
1 0.36328125 0.69609375 0.1546875 0.17890625
1 0.47109375 0.5875 0.1546875 0.17890625
1 0.71171875 0.70078125 0.1515625 0.23125
1 0.29765625 0.496875 0.1515625 0.21015625
1 0.55234375 0.17734375 0.1546875 0.17890625
1 0.65859375 0.13125 0.1546875 0.17890625
1 0.79296875 0.21640625 0.1578125 0.22890625
1 0.07265625 0.5 0.1453125 0.18359375
1 0.05390625 0.10703125 0.1078125 0.21015625
1 0.090625 0.88125 0.159375 0.15859375
1 0.934375 0.43359375 0.128125 0.175
1 0.934375 0.75 0.128125 0.175
1 0.8234375 0.93046875 0.153125 0.13515625
1 0.234375 0.35625 0.15625 0.21640625
2 0.3234375 0.10703125 0.228125 0.2140625
0 0.09140625 0.41015625 0.0453125 0.05390625