1 0.20390625 0.06171875 0.1796875 0.1234375
1 0.09609375 0.73984375 0.1921875 0.2328125
1 0.2125 0.56875 0.1875 0.2765625
1 0.34765625 0.465625 0.15625 0.2734375
1 0.340625 0.7375 0.196875 0.2328125
1 0.503125 0.72890625 0.2234375 0.234375
1 0.44609375 0.8953125 0.2234375 0.209375
1 0.5171875 0.47734375 0.2515625 0.2890625
1 0.73125 0.8046875 0.1796875 0.2171875
1 0.8953125 0.42578125 0.1796875 0.2171875
1 0.5328125 0.11171875 0.19375 0.2234375
1 0.7375 0.2015625 0.1984375 0.2453125
1 0.87890625 0.78125 0.16875 0.203125
2 0.1234375 0.2890625 0.246875 0.421875