2 0.42109375 0.69375 0.2328125 0.32109375
2 0.09375 0.2 0.1875 0.2375
1 0.21484375 0.87734375 0.2203125 0.2125
1 0.17265625 0.696875 0.1328125 0.19765625
1 0.721875 0.221875 0.16875 0.22265625
1 0.159375 0.40546875 0.16875 0.22265625
1 0.40625 0.23203125 0.16875 0.22265625
1 0.3484375 0.41171875 0.16875 0.22265625
1 0.553125 0.15703125 0.16875 0.22265625
1 0.86875 0.459375 0.16875 0.22265625
1 0.8953125 0.30546875 0.16875 0.22265625
1 0.871875 0.171875 0.16875 0.22265625
1 0.8875 0.93046875 0.165625 0.13515625
1 0.0609375 0.7875 0.121875 0.23359375
0 0.83828125 0.82109375 0.0546875 0.075
0 0.90234375 0.79765625 0.0546875 0.075
0 0.57734375 0.93984375 0.0546875 0.075
0 0.2046875 0.29296875 0.05625 0.06484375
1 0.67734375 0.759375 0.1484375 0.19375
0 0.81015625 0.68125 0.0546875 0.075