2 0.43828125 0.7 0.259375 0.340625
2 0.08671875 0.2359375 0.1734375 0.253125
1 0.2484375 0.8921875 0.2375 0.215625
1 0.19140625 0.725 0.15 0.2078125
1 0.696875 0.20390625 0.1875 0.2359375
1 0.15234375 0.43515625 0.1875 0.2359375
1 0.38359375 0.24140625 0.1875 0.2359375
1 0.34140625 0.425 0.1875 0.2359375
1 0.52265625 0.15390625 0.1875 0.2359375
1 0.8640625 0.42734375 0.1875 0.2359375
1 0.8765625 0.271875 0.1875 0.2359375
1 0.8421875 0.140625 0.1875 0.2359375
1 0.9171875 0.89453125 0.165625 0.1484375
1 0.0875 0.825 0.1421875 0.24375
0 0.86484375 0.790625 0.0609375 0.0796875
0 0.9265625 0.76171875 0.0609375 0.0796875
0 0.615625 0.93125 0.0609375 0.0796875
0 0.1875 0.31953125 0.0609375 0.06875
1 0.69921875 0.74296875 0.1640625 0.20625
0 0.825 0.65390625 0.0609375 0.0796875