1 0.821875 0.42890625 0.1578125 0.203125
1 0.9484375 0.434375 0.103125 0.24375
1 0.58046875 0.44921875 0.20625 0.2359375
1 0.22890625 0.80546875 0.1703125 0.19375
1 0.07890625 0.8375 0.1578125 0.23125
1 0.22109375 0.56171875 0.1703125 0.23125
1 0.1109375 0.29765625 0.2125 0.2421875
1 0.22109375 0.1109375 0.1703125 0.221875
1 0.3703125 0.40546875 0.1703125 0.23125
1 0.6421875 0.8078125 0.178125 0.29375
1 0.81328125 0.74609375 0.1671875 0.221875
1 0.80546875 0.53359375 0.1671875 0.221875
1 0.734375 0.13828125 0.125 0.19375
1 0.44609375 0.19140625 0.1515625 0.2015625
1 0.37578125 0.05625 0.1734375 0.1125
1 0.88359375 0.24453125 0.1515625 0.2015625
1 0.7953125 0.8765625 0.1859375 0.196875
2 0.43515625 0.86171875 0.3453125 0.2765625