2 0.29296875 0.58046875 0.2546875 0.28125
1 0.47890625 0.29375 0.1953125 0.23359375
1 0.14453125 0.43984375 0.1453125 0.19609375
1 0.12109375 0.26328125 0.2078125 0.21484375
1 0.38203125 0.82421875 0.1578125 0.21015625
1 0.26484375 0.84921875 0.1578125 0.21015625
1 0.20703125 0.84453125 0.1578125 0.21015625
1 0.10078125 0.84453125 0.1578125 0.21015625
1 0.56171875 0.746875 0.1578125 0.21015625
1 0.72890625 0.73671875 0.1578125 0.21015625
1 0.83515625 0.51328125 0.1578125 0.21015625
1 0.82890625 0.115625 0.1796875 0.22734375
1 0.6484375 0.09765625 0.18125 0.1953125
1 0.2625 0.09765625 0.18125 0.1953125
1 0.29375 0.25703125 0.18125 0.19765625
0 0.034375 0.08125 0.06875 0.0875
0 0.88203125 0.640625 0.0546875 0.06484375
1 0.68515625 0.47109375 0.1953125 0.23359375
1 0.82734375 0.90546875 0.1359375 0.18515625