1 0.5921875 0.47890625 0.16875 0.228125
1 0.62265625 0.153125 0.19375 0.2375
1 0.3796875 0.17421875 0.1515625 0.2015625
1 0.73828125 0.73984375 0.1609375 0.209375
1 0.69765625 0.5859375 0.175 0.2203125
1 0.81015625 0.39296875 0.175 0.2203125
1 0.46953125 0.87734375 0.2015625 0.2453125
1 0.06015625 0.4625 0.1203125 0.234375
1 0.3375 0.83515625 0.1953125 0.259375
1 0.175 0.1 0.175 0.2
2 0.30234375 0.4359375 0.3140625 0.35625
0 0.809375 0.60859375 0.0609375 0.0734375
0 0.3578125 0.04453125 0.0625 0.0890625
0 0.14609375 0.121875 0.0375 0.0515625
0 0.6390625 0.346875 0.0640625 0.0734375