1 0.20703125 0.375 0.16875 0.2125
1 0.1859375 0.23203125 0.16875 0.2125
1 0.5578125 0.115625 0.178125 0.23125
1 0.4703125 0.2234375 0.178125 0.2484375
1 0.684375 0.50859375 0.153125 0.234375
1 0.63046875 0.74765625 0.1921875 0.2828125
1 0.84140625 0.57890625 0.1796875 0.2359375
1 0.07734375 0.58984375 0.1546875 0.2265625
1 0.82890625 0.22421875 0.190625 0.228125
1 0.16953125 0.821875 0.1921875 0.228125
1 0.37109375 0.89921875 0.1921875 0.2015625
1 0.81171875 0.82265625 0.1625 0.2
1 0.9453125 0.78828125 0.109375 0.1984375
1 0.5203125 0.390625 0.1859375 0.2015625
1 0.93671875 0.55625 0.1265625 0.221875
1 0.76640625 0.39921875 0.140625 0.203125
2 0.3734375 0.62578125 0.49375 0.4578125