1 0.19609375 0.73203125 0.1640625 0.21484375
1 0.37890625 0.7625 0.1234375 0.14609375
1 0.053125 0.65234375 0.10625 0.22890625
1 0.40703125 0.36171875 0.1453125 0.16875
1 0.6515625 0.08515625 0.16875 0.1703125
1 0.246875 0.26953125 0.159375 0.22265625
1 0.84375 0.09765625 0.215625 0.1953125
1 0.8671875 0.853125 0.15625 0.21484375
1 0.934375 0.57734375 0.128125 0.25859375
1 0.41875 0.91875 0.1375 0.15859375
1 0.9140625 0.33203125 0.16875 0.21875
1 0.31015625 0.10078125 0.1953125 0.2015625
1 0.66015625 0.825 0.1953125 0.20390625
0 0.1359375 0.92734375 0.06875 0.09140625
2 0.64609375 0.578125 0.2421875 0.38984375
0 0.11640625 0.40078125 0.0765625 0.07265625