2 0.17578125 0.675 0.2828125 0.4
2 0.58359375 0.75078125 0.4234375 0.45234375
1 0.3390625 0.56328125 0.159375 0.24765625
1 0.18515625 0.39453125 0.1578125 0.21875
1 0.13046875 0.26328125 0.1296875 0.18125
1 0.49296875 0.434375 0.1296875 0.18125
1 0.54921875 0.46171875 0.1296875 0.18125
1 0.48046875 0.23203125 0.1296875 0.18125
1 0.54296875 0.24453125 0.1296875 0.18125
1 0.59296875 0.25546875 0.1296875 0.18125
1 0.784375 0.06953125 0.146875 0.1390625
1 0.57890625 0.07109375 0.1796875 0.14140625
1 0.396875 0.04375 0.171875 0.0875
1 0.0890625 0.08125 0.13125 0.1625
1 0.7359375 0.27421875 0.20625 0.21875
1 0.9359375 0.603125 0.125 0.22734375
1 0.94453125 0.45 0.1078125 0.17890625
1 0.940625 0.24375 0.115625 0.175