1 0.07578125 0.2890625 0.1515625 0.2625
1 0.41171875 0.76796875 0.175 0.2046875
1 0.49375 0.14453125 0.190625 0.2625
1 0.8125 0.353125 0.2203125 0.271875
1 0.725 0.08515625 0.175 0.1703125
1 0.79921875 0.79296875 0.1765625 0.2390625
1 0.92421875 0.78515625 0.1515625 0.2765625
1 0.80625 0.55546875 0.2171875 0.2234375
1 0.63828125 0.88671875 0.2171875 0.2203125
1 0.62421875 0.69453125 0.2171875 0.2234375
1 0.609375 0.48203125 0.2171875 0.2234375
1 0.25234375 0.28515625 0.2171875 0.2234375
1 0.28984375 0.1 0.203125 0.175
1 0.115625 0.715625 0.2140625 0.25
2 0.40625 0.44453125 0.396875 0.5046875