1 0.09375 0.19453125 0.15625 0.21484375
1 0.0828125 0.47578125 0.165625 0.26484375
1 0.21875 0.78125 0.15 0.20390625
1 0.2578125 0.47890625 0.18125 0.22890625
1 0.434375 0.19765625 0.18125 0.22890625
1 0.6140625 0.890625 0.14375 0.21484375
1 0.34375 0.890625 0.15625 0.21484375
1 0.6046875 0.41171875 0.184375 0.21484375
1 0.77734375 0.15625 0.1234375 0.19609375
1 0.875 0.41328125 0.165625 0.21484375
1 0.9234375 0.17890625 0.14375 0.19140625
1 0.61640625 0.64140625 0.1828125 0.24609375
1 0.4859375 0.38046875 0.15625 0.20234375
0 0.49609375 0.55390625 0.0703125 0.1
2 0.853125 0.753125 0.290625 0.39375