2 0.44375 0.39453125 0.3296875 0.421875
1 0.1328125 0.75390625 0.196875 0.228125
1 0.21171875 0.89375 0.1890625 0.2125
1 0.2921875 0.8125 0.1890625 0.234375
1 0.34453125 0.67421875 0.15625 0.2359375
1 0.3828125 0.7265625 0.15625 0.2359375
1 0.41875 0.753125 0.15625 0.2359375
1 0.4734375 0.7703125 0.15625 0.2359375
1 0.86953125 0.70390625 0.1796875 0.2234375
1 0.925 0.84765625 0.15 0.2234375
1 0.85078125 0.10234375 0.1796875 0.2046875
1 0.878125 0.175 0.209375 0.2375
1 0.11484375 0.3953125 0.209375 0.2375
1 0.1875 0.2625 0.209375 0.2375
1 0.10390625 0.1984375 0.2078125 0.2375
1 0.4859375 0.07578125 0.2 0.1515625
1 0.49296875 0.9421875 0.1421875 0.115625
1 0.56015625 0.946875 0.1359375 0.1046875