2 0.31171875 0.165625 0.3046875 0.3140625
1 0.73125 0.246875 0.2109375 0.2734375
1 0.475 0.359375 0.2109375 0.2734375
1 0.6125 0.48671875 0.20625 0.3203125
1 0.7546875 0.4609375 0.196875 0.259375
1 0.2890625 0.40234375 0.196875 0.259375
1 0.37421875 0.6671875 0.196875 0.259375
1 0.5125 0.865625 0.215625 0.26875
1 0.9015625 0.67421875 0.196875 0.2828125
1 0.08203125 0.18984375 0.1640625 0.2328125
1 0.05625 0.51015625 0.1125 0.2328125
1 0.1046875 0.76171875 0.171875 0.3046875
1 0.228125 0.8515625 0.190625 0.240625
1 0.3640625 0.8578125 0.2375 0.284375
1 0.9140625 0.50625 0.171875 0.253125
1 0.1796875 0.603125 0.2109375 0.2734375