1 0.73515625 0.73515625 0.1890625 0.2765625
1 0.28828125 0.4109375 0.196875 0.234375
1 0.22578125 0.234375 0.159375 0.2390625
1 0.42109375 0.29140625 0.1953125 0.25
1 0.09765625 0.66015625 0.1609375 0.24375
1 0.87890625 0.77109375 0.1484375 0.225
1 0.75234375 0.35390625 0.175 0.225
1 0.8453125 0.53671875 0.21875 0.2046875
1 0.59140625 0.07109375 0.1828125 0.1421875
1 0.3078125 0.82578125 0.2265625 0.2609375
0 0.6203125 0.4515625 0.0734375 0.0859375
0 0.1453125 0.90703125 0.065625 0.0765625
2 0.55390625 0.703125 0.290625 0.353125