1 0.53828125 0.89296875 0.1953125 0.2015625
1 0.39296875 0.83203125 0.1921875 0.253125
1 0.57578125 0.43203125 0.1640625 0.21875
1 0.8265625 0.6296875 0.2046875 0.2765625
1 0.56875 0.084375 0.15625 0.16875
1 0.4625 0.0765625 0.15625 0.153125
1 0.940625 0.32265625 0.11875 0.2484375
1 0.77734375 0.34453125 0.215625 0.2453125
1 0.14296875 0.8609375 0.1953125 0.2
1 0.07734375 0.81640625 0.1546875 0.2140625
2 0.3203125 0.56640625 0.228125 0.2859375
0 0.9203125 0.81015625 0.0640625 0.0921875
0 0.95390625 0.71171875 0.046875 0.0890625
0 0.9078125 0.22578125 0.0640625 0.0921875