1 0.14609375 0.44140625 0.1359375 0.225
1 0.421875 0.68125 0.190625 0.225
1 0.8734375 0.49140625 0.140625 0.2125
1 0.74140625 0.44140625 0.1640625 0.21640625
1 0.65390625 0.890625 0.1890625 0.21484375
1 0.4921875 0.92421875 0.19375 0.14765625
1 0.29765625 0.92421875 0.1421875 0.14765625
1 0.16796875 0.93984375 0.1234375 0.11640625
1 0.25234375 0.26953125 0.1484375 0.17265625
1 0.4109375 0.08515625 0.171875 0.1703125
1 0.23671875 0.071875 0.1609375 0.14375
1 0.63359375 0.071875 0.1609375 0.14375
1 0.840625 0.84375 0.128125 0.20390625
1 0.671875 0.68984375 0.146875 0.19140625
1 0.82265625 0.27421875 0.1609375 0.20234375
2 0.4671875 0.359375 0.28125 0.39375
0 0.09375 0.640625 0.109375 0.13125