1 0.79140625 0.3109375 0.1609375 0.215625
1 0.8546875 0.52734375 0.1609375 0.215625
1 0.58359375 0.8640625 0.1609375 0.215625
1 0.7859375 0.81328125 0.1609375 0.215625
1 0.078125 0.58671875 0.15625 0.2421875
1 0.084375 0.1734375 0.159375 0.2421875
1 0.21171875 0.83984375 0.159375 0.2421875
1 0.09609375 0.8328125 0.1921875 0.2625
1 0.63671875 0.540625 0.15625 0.2
1 0.59921875 0.35078125 0.15625 0.2
1 0.2546875 0.19609375 0.1671875 0.2171875
1 0.5234375 0.6515625 0.128125 0.2296875
2 0.46953125 0.4703125 0.196875 0.225