1 0.59453125 0.81953125 0.259375 0.3
1 0.84296875 0.65625 0.259375 0.3
1 0.52890625 0.496875 0.209375 0.21875
1 0.3984375 0.87734375 0.2078125 0.190625
1 0.2078125 0.41796875 0.1734375 0.190625
1 0.1875 0.70625 0.196875 0.2109375
1 0.49453125 0.1140625 0.1828125 0.228125
1 0.3359375 0.2625 0.178125 0.2171875
1 0.35859375 0.0828125 0.1984375 0.165625
1 0.06875 0.615625 0.1375 0.240625
2 0.6359375 0.259375 0.390625 0.4234375
0 0.32734375 0.8171875 0.059375 0.0703125
0 0.66171875 0.9140625 0.071875 0.0859375