1 0.5546875 0.40859375 0.190625 0.2171875
1 0.1828125 0.52265625 0.1546875 0.1890625
1 0.36328125 0.54453125 0.2125 0.2515625
1 0.3171875 0.153125 0.2125 0.2515625
1 0.4984375 0.1515625 0.2125 0.2515625
1 0.290625 0.35859375 0.2109375 0.2375
1 0.346875 0.878125 0.175 0.21875
1 0.09140625 0.38671875 0.1828125 0.2296875
1 0.91171875 0.6625 0.1765625 0.234375
1 0.77578125 0.69765625 0.190625 0.2171875
1 0.64296875 0.83125 0.203125 0.25
1 0.4625 0.74140625 0.2046875 0.271875
1 0.13828125 0.86484375 0.1859375 0.2703125
1 0.78671875 0.88203125 0.1796875 0.1625
2 0.7890625 0.28671875 0.421875 0.5203125