1 0.69140625 0.265625 0.1828125 0.26015625
1 0.4890625 0.2375 0.165625 0.175
1 0.834375 0.47578125 0.1625 0.30625
1 0.6703125 0.665625 0.15625 0.21484375
1 0.2109375 0.08359375 0.175 0.16640625
1 0.75546875 0.925 0.1171875 0.14609375
1 0.41796875 0.8375 0.2046875 0.22109375
1 0.5640625 0.80078125 0.1375 0.19765625
1 0.07734375 0.409375 0.1546875 0.23125
1 0.8671875 0.15703125 0.15625 0.23125
1 0.940625 0.90625 0.115625 0.18359375
2 0.44765625 0.52421875 0.3109375 0.36484375
1 0.2375 0.49765625 0.165625 0.175
1 0.3140625 0.74453125 0.196875 0.22734375