1 0.71015625 0.24765625 0.1578125 0.2109375
1 0.29765625 0.51875 0.1703125 0.215625
1 0.515625 0.315625 0.13125 0.2
1 0.58125 0.45234375 0.16875 0.2546875
1 0.41875 0.18671875 0.1390625 0.2171875
1 0.734375 0.625 0.203125 0.2328125
1 0.86484375 0.33515625 0.203125 0.253125
1 0.15859375 0.39765625 0.2109375 0.165625
1 0.09609375 0.84921875 0.1609375 0.1984375
1 0.12734375 0.08515625 0.1359375 0.1703125
1 0.29765625 0.20625 0.1609375 0.240625
1 0.5921875 0.0828125 0.1796875 0.165625
1 0.934375 0.85078125 0.1203125 0.2421875
2 0.43125 0.78203125 0.378125 0.4359375