1 0.70859375 0.12109375 0.1796875 0.24140625
1 0.30078125 0.68125 0.1796875 0.24140625
1 0.46640625 0.68125 0.1796875 0.24140625
1 0.6265625 0.81796875 0.209375 0.24375
1 0.7984375 0.71953125 0.146875 0.23515625
1 0.1453125 0.26171875 0.175 0.20234375
1 0.528125 0.06953125 0.14375 0.1390625
1 0.70859375 0.36875 0.1796875 0.24140625
1 0.05625 0.45234375 0.1125 0.2375
0 0.11875 0.91796875 0.10625 0.12734375
0 0.34140625 0.890625 0.0609375 0.08515625
0 0.1578125 0.41640625 0.071875 0.1125
0 0.97421875 0.3 0.0484375 0.1
2 0.3734375 0.265625 0.3125 0.42265625