1 0.5015625 0.89921875 0.215625 0.19765625
1 0.73203125 0.34765625 0.1859375 0.19609375
1 0.93046875 0.44140625 0.1359375 0.19609375
1 0.53125 0.49140625 0.14375 0.2
1 0.33046875 0.9 0.1359375 0.19609375
1 0.4109375 0.68671875 0.13125 0.17734375
1 0.12890625 0.09375 0.1859375 0.1875
1 0.24609375 0.58125 0.1484375 0.17890625
1 0.92421875 0.63125 0.1484375 0.17890625
1 0.9375 0.81875 0.121875 0.17890625
1 0.63046875 0.49453125 0.1234375 0.15625
2 0.4390625 0.23359375 0.221875 0.26640625
0 0.4328125 0.43203125 0.046875 0.06015625
0 0.8234375 0.48671875 0.046875 0.06015625