1 0.35859375 0.64921875 0.2078125 0.21484375
1 0.12578125 0.24296875 0.2078125 0.21484375
1 0.11171875 0.58828125 0.1859375 0.20625
1 0.46171875 0.1125 0.1796875 0.21640625
1 0.921875 0.334375 0.153125 0.21875
1 0.7640625 0.71796875 0.153125 0.21875
1 0.5109375 0.52578125 0.171875 0.23125
1 0.33046875 0.39375 0.2015625 0.25390625
1 0.64609375 0.23671875 0.1609375 0.18984375
1 0.66328125 0.50390625 0.1359375 0.22109375
2 0.57421875 0.85546875 0.3703125 0.28515625
0 0.925 0.53046875 0.08125 0.08984375