1 0.21328125 0.13671875 0.1765625 0.20234375
1 0.14453125 0.63359375 0.1578125 0.19140625
1 0.61953125 0.83359375 0.1578125 0.19140625
1 0.22890625 0.84765625 0.1578125 0.19140625
1 0.3828125 0.46015625 0.159375 0.22890625
1 0.7015625 0.59609375 0.159375 0.22890625
1 0.915625 0.68359375 0.159375 0.22890625
1 0.93515625 0.39453125 0.1265625 0.22734375
1 0.16953125 0.390625 0.1359375 0.21875
1 0.49375 0.48984375 0.159375 0.22890625
1 0.475 0.67109375 0.159375 0.22890625
1 0.43046875 0.846875 0.1609375 0.20625
2 0.61875 0.27734375 0.35 0.43359375
0 0.7796875 0.884375 0.071875 0.06015625