2 0.51484375 0.42109375 0.1640625 0.23359375
0 0.34765625 0.47265625 0.0515625 0.05859375
0 0.42734375 0.575 0.0515625 0.05859375
0 0.0390625 0.61015625 0.04375 0.07109375
1 0.15078125 0.34375 0.2046875 0.26640625
1 0.10234375 0.09296875 0.1484375 0.18515625
1 0.0734375 0.14375 0.146875 0.1875
1 0.2609375 0.14609375 0.18125 0.19140625
1 0.39921875 0.09453125 0.1796875 0.1890625
1 0.671875 0.67109375 0.16875 0.20859375
1 0.71875 0.89296875 0.140625 0.21015625
1 0.4890625 0.89296875 0.140625 0.21015625
1 0.690625 0.46953125 0.159375 0.20625
1 0.809375 0.18828125 0.128125 0.18515625
1 0.9296875 0.09921875 0.1375 0.19765625
1 0.5328125 0.66796875 0.1625 0.22265625
1 0.4421875 0.73046875 0.1625 0.22265625
1 0.30078125 0.765625 0.1703125 0.21015625
1 0.5359375 0.19921875 0.15 0.18984375
1 0.653125 0.24921875 0.15 0.18984375
1 0.76796875 0.04609375 0.1671875 0.09140625