2 0.33828125 0.09765625 0.3109375 0.1953125
1 0.70859375 0.1515625 0.2109375 0.259375
1 0.74609375 0.48125 0.2109375 0.259375
1 0.80234375 0.2921875 0.2109375 0.259375
1 0.890625 0.33046875 0.2109375 0.259375
1 0.9265625 0.434375 0.146875 0.2625
1 0.9 0.55390625 0.2 0.2703125
1 0.22265625 0.63046875 0.215625 0.2703125
1 0.57578125 0.875 0.20625 0.2328125
1 0.7109375 0.88828125 0.20625 0.2234375
1 0.546875 0.41796875 0.1859375 0.221875
1 0.14296875 0.4390625 0.209375 0.2328125
1 0.3546875 0.83203125 0.215625 0.278125
1 0.546875 0.7125 0.240625 0.2703125
1 0.43515625 0.52578125 0.240625 0.2703125
1 0.253125 0.26328125 0.2578125 0.278125
1 0.496875 0.2765625 0.21875 0.2703125
0 0.71953125 0.6390625 0.075 0.0828125
0 0.44921875 0.9171875 0.075 0.0828125