1 0.31640625 0.39921875 0.1453125 0.21875
1 0.071875 0.54296875 0.14375 0.21875
1 0.18671875 0.74140625 0.1484375 0.24140625
1 0.63359375 0.83125 0.1484375 0.2
1 0.6640625 0.39375 0.146875 0.2375
1 0.5109375 0.36328125 0.15 0.22265625
1 0.621875 0.5875 0.159375 0.225
1 0.728125 0.59765625 0.159375 0.225
1 0.7765625 0.87109375 0.159375 0.225
1 0.5703125 0.065625 0.15625 0.13125
1 0.12265625 0.23125 0.1671875 0.225
1 0.73828125 0.08359375 0.1578125 0.16640625
1 0.85625 0.06796875 0.159375 0.13515625
2 0.37890625 0.68984375 0.2921875 0.39140625