2 0.77578125 0.6671875 0.3640625 0.44375
1 0.49140625 0.70078125 0.2046875 0.2453125
1 0.2578125 0.7109375 0.203125 0.2921875
1 0.3546875 0.29375 0.2140625 0.321875
1 0.79453125 0.3265625 0.190625 0.20625
1 0.5609375 0.86171875 0.190625 0.20625
1 0.37734375 0.89921875 0.1875 0.1921875
1 0.0625 0.41015625 0.125 0.2609375
1 0.22578125 0.2078125 0.178125 0.2578125
1 0.109375 0.1546875 0.1625 0.2140625
1 0.1390625 0.521875 0.178125 0.246875
1 0.66171875 0.1484375 0.2015625 0.2390625
1 0.7796875 0.20625 0.2015625 0.2390625
1 0.1703125 0.88671875 0.171875 0.1734375
1 0.37421875 0.90390625 0.171875 0.1734375