1 0.6265625 0.8875 0.1546875 0.2109375
1 0.31328125 0.86328125 0.1765625 0.2171875
1 0.1140625 0.83671875 0.175 0.2171875
1 0.21796875 0.68828125 0.1765625 0.2171875
1 0.0765625 0.13359375 0.153125 0.1859375
1 0.28671875 0.13046875 0.2046875 0.234375
1 0.46796875 0.1171875 0.1765625 0.234375
1 0.83828125 0.0453125 0.1734375 0.090625
1 0.8734375 0.2671875 0.1890625 0.234375
1 0.93125 0.8109375 0.1375 0.234375
1 0.6609375 0.66328125 0.21875 0.253125
1 0.5546875 0.4921875 0.21875 0.253125
1 0.12578125 0.46484375 0.190625 0.209375
1 0.40703125 0.62265625 0.215625 0.25
2 0.64453125 0.25546875 0.378125 0.440625