2 0.21796875 0.46875 0.4359375 0.65
1 0.73984375 0.17734375 0.2421875 0.2390625
1 0.6546875 0.484375 0.1796875 0.2046875
1 0.54375 0.46015625 0.1796875 0.2046875
1 0.38515625 0.2609375 0.20625 0.3359375
1 0.515625 0.2328125 0.18125 0.2234375
1 0.44375 0.10859375 0.18125 0.2171875
1 0.81796875 0.63359375 0.225 0.25625
1 0.84609375 0.84609375 0.2203125 0.228125
1 0.45703125 0.69453125 0.2125 0.21875
1 0.60390625 0.678125 0.25625 0.2953125
1 0.1515625 0.7828125 0.2375 0.2828125
1 0.165625 0.928125 0.209375 0.14375
1 0.60390625 0.92109375 0.1890625 0.1578125
1 0.40859375 0.87109375 0.2484375 0.2578125
0 0.6640625 0.0671875 0.075 0.08125
1 0.83203125 0.53125 0.1796875 0.2046875
1 0.2171875 0.13671875 0.1796875 0.2046875