1 0.85546875 0.125 0.1609375 0.20625
1 0.90390625 0.303125 0.1546875 0.203125
1 0.0875 0.48125 0.175 0.196875
1 0.45390625 0.36015625 0.1640625 0.25
1 0.31953125 0.80234375 0.1609375 0.246875
1 0.80625 0.87578125 0.159375 0.1984375
1 0.309375 0.36171875 0.1828125 0.190625
1 0.9109375 0.71875 0.1609375 0.209375
1 0.84765625 0.575 0.1640625 0.215625
1 0.65078125 0.325 0.1578125 0.20625
1 0.0953125 0.13203125 0.16875 0.215625
1 0.64921875 0.89140625 0.153125 0.178125
2 0.5625 0.6 0.3421875 0.4453125