1 0.56953125 0.7421875 0.2453125 0.253125
1 0.39609375 0.86328125 0.1734375 0.2328125
1 0.12421875 0.7890625 0.196875 0.2421875
1 0.2953125 0.7171875 0.196875 0.2421875
1 0.303125 0.51015625 0.196875 0.2421875
1 0.48515625 0.19453125 0.2171875 0.2484375
1 0.6421875 0.37109375 0.221875 0.28125
1 0.34921875 0.36484375 0.2125 0.2546875
1 0.68984375 0.1375 0.221875 0.2515625
1 0.87421875 0.1671875 0.225 0.16875
1 0.13671875 0.1578125 0.196875 0.1953125
1 0.10703125 0.27734375 0.18125 0.225
1 0.215625 0.04921875 0.16875 0.0984375
1 0.4125 0.0640625 0.16875 0.128125
2 0.82890625 0.60234375 0.3421875 0.4640625
0 0.68046875 0.74140625 0.0828125 0.1015625