1 0.540625 0.2796875 0.1921875 0.271875
1 0.3578125 0.25625 0.178125 0.1875
1 0.9015625 0.4515625 0.196875 0.240625
1 0.77109375 0.29140625 0.1921875 0.2625
1 0.92265625 0.2765625 0.1546875 0.25625
1 0.64296875 0.6359375 0.2125 0.25
1 0.15234375 0.321875 0.221875 0.24375
1 0.3578125 0.09765625 0.21875 0.1953125
1 0.51328125 0.64609375 0.2109375 0.2796875
1 0.871875 0.81015625 0.1875 0.2296875
1 0.896875 0.61953125 0.20625 0.2453125
1 0.67578125 0.8375 0.21875 0.234375
1 0.2484375 0.7921875 0.2 0.184375
1 0.09765625 0.7421875 0.1953125 0.278125
1 0.6296875 0.08984375 0.1875 0.1703125
1 0.37890625 0.896875 0.1828125 0.2
1 0.7359375 0.9328125 0.178125 0.134375
2 0.32890625 0.54296875 0.38125 0.459375
0 0.49453125 0.1140625 0.090625 0.121875
0 0.03515625 0.57421875 0.0703125 0.1484375