1 0.24609375 0.2140625 0.2015625 0.2421875
1 0.43125 0.21953125 0.1484375 0.1671875
1 0.090625 0.26484375 0.1484375 0.2453125
1 0.38203125 0.61796875 0.175 0.19375
1 0.56953125 0.91796875 0.1984375 0.1640625
1 0.2078125 0.678125 0.1984375 0.2484375
1 0.76015625 0.921875 0.2484375 0.15625
1 0.915625 0.2234375 0.16875 0.240625
1 0.9265625 0.50625 0.146875 0.278125
1 0.5 0.08203125 0.165625 0.1640625
1 0.87421875 0.74375 0.2078125 0.246875
1 0.2375 0.85546875 0.2296875 0.234375
1 0.71953125 0.21171875 0.23125 0.2375
0 0.2234375 0.03125 0.084375 0.0625
2 0.65859375 0.4515625 0.3125 0.428125
0 0.1046875 0.52421875 0.0890625 0.0859375