1 0.13828125 0.86875 0.1578125 0.20390625
1 0.09296875 0.68984375 0.1515625 0.2
1 0.9125 0.52578125 0.171875 0.19375
1 0.54375 0.640625 0.159375 0.24765625
1 0.6859375 0.20078125 0.15625 0.24375
1 0.2 0.11875 0.15625 0.19609375
1 0.68828125 0.64140625 0.1796875 0.1875
1 0.09296875 0.27421875 0.1578125 0.20625
1 0.15390625 0.41875 0.1609375 0.2125
1 0.34609375 0.67265625 0.1546875 0.20390625
1 0.8984375 0.875 0.165625 0.2125
1 0.3578125 0.10625 0.15 0.175
2 0.4390625 0.39921875 0.334375 0.43984375