1 0.39453125 0.77421875 0.2171875 0.1875
1 0.434375 0.50859375 0.221875 0.25
1 0.19453125 0.384375 0.153125 0.18125
1 0.25078125 0.66171875 0.16875 0.259375
1 0.08671875 0.48671875 0.1734375 0.2203125
1 0.11015625 0.66640625 0.2015625 0.2109375
1 0.5625 0.5546875 0.2015625 0.2109375
1 0.6875 0.55546875 0.2171875 0.228125
1 0.3953125 0.934375 0.203125 0.13125
0 0.7734375 0.8359375 0.0625 0.0765625
0 0.6875 0.93046875 0.0875 0.0796875
0 0.9109375 0.7796875 0.0953125 0.125
0 0.8140625 0.90234375 0.0921875 0.1046875
0 0.634375 0.140625 0.0890625 0.0859375
0 0.09765625 0.23203125 0.0546875 0.0640625
2 0.1546875 0.8609375 0.240625 0.278125