1 0.74375 0.54296875 0.2109375 0.2390625
1 0.3296875 0.43828125 0.2109375 0.2390625
1 0.18515625 0.56953125 0.1546875 0.2
1 0.19296875 0.8015625 0.20625 0.271875
1 0.06484375 0.82578125 0.1296875 0.2453125
1 0.1265625 0.3109375 0.2109375 0.25625
1 0.1453125 0.09765625 0.209375 0.1953125
1 0.3171875 0.19609375 0.1796875 0.225
1 0.54921875 0.46015625 0.2109375 0.2390625
1 0.78984375 0.909375 0.2109375 0.18125
1 0.60234375 0.921875 0.1984375 0.15625
1 0.7984375 0.24140625 0.1875 0.2359375
1 0.9484375 0.33359375 0.103125 0.2328125
1 0.48671875 0.66640625 0.228125 0.2703125
2 0.5578125 0.19921875 0.4 0.3984375
0 0.3 0.740625 0.1078125 0.128125
0 0.30078125 0.92109375 0.0953125 0.1203125
0 0.06015625 0.1859375 0.0515625 0.084375