1 0.56171875 0.5859375 0.1890625 0.203125
1 0.6671875 0.40625 0.196875 0.24375
1 0.6703125 0.4015625 0.196875 0.24375
1 0.80703125 0.49453125 0.184375 0.2265625
1 0.88515625 0.07265625 0.1609375 0.1453125
1 0.1640625 0.17578125 0.175 0.2046875
1 0.14296875 0.4125 0.1734375 0.21875
1 0.90859375 0.69921875 0.14375 0.196875
1 0.8515625 0.28515625 0.14375 0.196875
1 0.884375 0.46328125 0.14375 0.196875
1 0.43125 0.65859375 0.11875 0.225
1 0.33515625 0.22265625 0.15625 0.190625
1 0.26640625 0.3953125 0.1703125 0.1890625
1 0.41484375 0.92890625 0.1671875 0.1421875
1 0.7140625 0.60625 0.1546875 0.2125
2 0.24296875 0.703125 0.328125 0.4421875
0 0.51484375 0.83515625 0.06875 0.0828125