1 0.25078125 0.61875 0.234375 0.259375
1 0.134375 0.28828125 0.234375 0.259375
1 0.53828125 0.19140625 0.234375 0.259375
1 0.68515625 0.303125 0.2109375 0.240625
1 0.828125 0.259375 0.2109375 0.240625
1 0.85859375 0.45078125 0.2109375 0.2453125
1 0.359375 0.08203125 0.2 0.1640625
1 0.465625 0.42578125 0.225 0.225
1 0.9453125 0.28515625 0.109375 0.2265625
1 0.57109375 0.5203125 0.2125 0.2296875
1 0.3921875 0.55 0.2171875 0.2546875
1 0.290625 0.765625 0.1921875 0.2359375
1 0.77421875 0.60546875 0.2359375 0.184375
2 0.62890625 0.78515625 0.30625 0.3453125
0 0.36328125 0.87265625 0.071875 0.0828125
0 0.80390625 0.83203125 0.0609375 0.06875