2 0.70078125 0.59453125 0.2734375 0.2984375
1 0.53515625 0.29609375 0.2109375 0.246875
1 0.85859375 0.46484375 0.159375 0.20625
1 0.89140625 0.290625 0.2171875 0.228125
1 0.5953125 0.83203125 0.171875 0.2203125
1 0.71015625 0.86484375 0.171875 0.2203125
1 0.76796875 0.8640625 0.171875 0.2203125
1 0.87421875 0.871875 0.171875 0.2203125
1 0.42109375 0.7421875 0.171875 0.2203125
1 0.25546875 0.7203125 0.171875 0.2203125
1 0.16484375 0.48984375 0.171875 0.2203125
1 0.19765625 0.10625 0.1953125 0.2125
1 0.3796875 0.09609375 0.19375 0.1921875
1 0.76484375 0.11484375 0.19375 0.2078125
1 0.72265625 0.271875 0.1953125 0.209375
0 0.978125 0.11484375 0.04375 0.0921875
0 0.109375 0.61328125 0.059375 0.06875
1 0.3171875 0.45859375 0.2109375 0.246875
1 0.1453125 0.88203125 0.1484375 0.19375