1 0.28359375 0.671875 0.1890625 0.22265625
1 0.09609375 0.37578125 0.1890625 0.22265625
1 0.46796875 0.190625 0.1890625 0.22265625
1 0.6359375 0.26640625 0.16875 0.20859375
1 0.765625 0.19140625 0.16875 0.20859375
1 0.83828125 0.37109375 0.1671875 0.2125
1 0.26328125 0.09609375 0.1609375 0.19140625
1 0.45 0.43515625 0.1875 0.1875
1 0.92421875 0.18203125 0.1484375 0.19765625
1 0.57421875 0.50390625 0.1734375 0.19609375
1 0.40625 0.57265625 0.171875 0.22109375
1 0.35546875 0.80625 0.1484375 0.20859375
1 0.790625 0.54140625 0.209375 0.14140625
2 0.68984375 0.74921875 0.2453125 0.29765625
0 0.45078125 0.89375 0.0578125 0.07109375
0 0.87109375 0.75546875 0.0484375 0.06015625