2 0.3 0.89921875 0.296875 0.2015625
1 0.67734375 0.865625 0.19375 0.2484375
1 0.74375 0.540625 0.19375 0.2484375
1 0.7828125 0.73359375 0.19375 0.2484375
1 0.87421875 0.70234375 0.19375 0.2484375
1 0.92734375 0.603125 0.1453125 0.253125
1 0.90625 0.48203125 0.1875 0.2578125
1 0.234375 0.3453125 0.1984375 0.2578125
1 0.60859375 0.1328125 0.190625 0.2203125
1 0.74453125 0.1265625 0.190625 0.2203125
1 0.53984375 0.5859375 0.171875 0.2109375
1 0.1390625 0.52890625 0.19375 0.2203125
1 0.384375 0.15625 0.1953125 0.2671875
1 0.565625 0.2921875 0.221875 0.25625
1 0.4375 0.46875 0.221875 0.25625
1 0.23359375 0.7140625 0.2390625 0.2625
1 0.47734375 0.72265625 0.2015625 0.2578125
0 0.73125 0.38046875 0.0703125 0.078125
0 0.4859375 0.0796875 0.0703125 0.078125