1 0.6796875 0.78203125 0.1703125 0.2765625
1 0.8890625 0.528125 0.1734375 0.2296875
1 0.78671875 0.9171875 0.1796875 0.165625
1 0.2984375 0.51484375 0.1828125 0.2109375
1 0.4109375 0.1515625 0.1859375 0.2484375
1 0.63984375 0.1609375 0.171875 0.2015625
1 0.30390625 0.32578125 0.1828125 0.2109375
1 0.2671875 0.1171875 0.190625 0.234375
1 0.46640625 0.68203125 0.184375 0.165625
1 0.38828125 0.87421875 0.1171875 0.24375
1 0.85234375 0.76640625 0.15625 0.196875
1 0.80078125 0.19140625 0.1625 0.2140625
1 0.0796875 0.3609375 0.1578125 0.228125
2 0.48984375 0.4046875 0.36875 0.4625