1 0.6890625 0.3609375 0.1859375 0.221875
1 0.67421875 0.2390625 0.1859375 0.221875
1 0.9109375 0.4546875 0.178125 0.221875
1 0.6484375 0.8953125 0.184375 0.196875
1 0.2203125 0.8453125 0.1875 0.2515625
1 0.83203125 0.85703125 0.1828125 0.2
1 0.77890625 0.55390625 0.1890625 0.24375
1 0.48046875 0.55703125 0.1859375 0.221875
1 0.08359375 0.70859375 0.146875 0.221875
1 0.503125 0.13125 0.1828125 0.228125
1 0.6140625 0.69296875 0.1828125 0.228125
2 0.2375 0.23984375 0.290625 0.3171875
0 0.32890625 0.775 0.065625 0.08125
0 0.91640625 0.07421875 0.0734375 0.0921875