1 0.20078125 0.853125 0.1828125 0.2078125
1 0.14921875 0.35390625 0.1640625 0.196875
1 0.63125 0.17109375 0.1640625 0.196875
1 0.24140625 0.14296875 0.1640625 0.196875
1 0.38125 0.5359375 0.1671875 0.234375
1 0.7046875 0.4109375 0.1671875 0.234375
1 0.91875 0.33125 0.1625 0.234375
1 0.93125 0.6203125 0.134375 0.23125
1 0.165625 0.59765625 0.14375 0.2234375
1 0.49375 0.51015625 0.1671875 0.234375
1 0.48125 0.328125 0.1671875 0.234375
1 0.44296875 0.15078125 0.16875 0.2125
2 0.6109375 0.7265625 0.365625 0.4453125
0 0.79296875 0.12578125 0.0734375 0.0625