2 0.33203125 0.3546875 0.265625 0.31875
1 0.20625 0.553125 0.1921875 0.2296875
1 0.53046875 0.6234375 0.1671875 0.265625
1 0.4703125 0.63125 0.134375 0.259375
1 0.415625 0.67578125 0.134375 0.259375
1 0.37265625 0.70859375 0.134375 0.259375
1 0.3265625 0.71171875 0.134375 0.259375
1 0.76640625 0.58828125 0.1921875 0.2296875
1 0.68984375 0.55546875 0.1921875 0.2296875
1 0.78828125 0.76640625 0.1921875 0.2296875
1 0.9140625 0.83984375 0.1234375 0.225
1 0.94765625 0.33046875 0.1046875 0.2109375
1 0.92578125 0.21953125 0.1484375 0.2203125
1 0.65859375 0.28359375 0.203125 0.2484375
1 0.59609375 0.10234375 0.2015625 0.2046875
1 0.590625 0.884375 0.203125 0.23125
1 0.31875 0.8859375 0.1890625 0.20625
1 0.21640625 0.125 0.171875 0.2421875
1 0.42421875 0.08984375 0.1640625 0.1796875