1 0.1875 0.3484375 0.1859375 0.2328125
1 0.15078125 0.5703125 0.1859375 0.2328125
1 0.46171875 0.87109375 0.1859375 0.2328125
1 0.2546875 0.84609375 0.1859375 0.2328125
1 0.91875 0.534375 0.1625 0.259375
1 0.87265625 0.12734375 0.1859375 0.2546875
1 0.82734375 0.8015625 0.1859375 0.259375
1 0.91484375 0.78046875 0.1703125 0.2828125
1 0.36953125 0.55703125 0.1796875 0.2171875
1 0.3828125 0.3640625 0.1796875 0.2171875
1 0.70703125 0.16875 0.1921875 0.2359375
1 0.4953125 0.653125 0.153125 0.2421875
2 0.5265625 0.4671875 0.221875 0.2453125