1 0.53828125 0.24140625 0.234375 0.2703125
1 0.328125 0.47421875 0.221875 0.2140625
1 0.3078125 0.1109375 0.209375 0.221875
1 0.12734375 0.47265625 0.2140625 0.2609375
1 0.2078125 0.1953125 0.2 0.2234375
1 0.384375 0.05703125 0.175 0.1140625
1 0.91328125 0.2578125 0.1734375 0.228125
1 0.565625 0.678125 0.1984375 0.2296875
1 0.0890625 0.79453125 0.178125 0.2296875
1 0.29921875 0.665625 0.225 0.2328125
1 0.77578125 0.921875 0.1984375 0.15625
1 0.71484375 0.75546875 0.203125 0.221875
1 0.46875 0.8875 0.20625 0.225
1 0.3109375 0.884375 0.203125 0.1984375
1 0.6265625 0.91171875 0.19375 0.1765625
1 0.9015625 0.6015625 0.196875 0.21875
2 0.715625 0.37734375 0.3640625 0.44375