1 0.18046875 0.71015625 0.178125 0.225
1 0.3609375 0.753125 0.1328125 0.1546875
1 0.05234375 0.62109375 0.1046875 0.2359375
1 0.4171875 0.35546875 0.15625 0.178125
1 0.68046875 0.096875 0.1796875 0.18125
1 0.26328125 0.25234375 0.175 0.2328125
1 0.87109375 0.12265625 0.228125 0.209375
1 0.84140625 0.878125 0.1703125 0.225
1 0.92734375 0.60703125 0.1453125 0.2671875
1 0.38984375 0.91171875 0.1484375 0.1671875
1 0.91640625 0.36015625 0.1671875 0.2296875
1 0.3375 0.09765625 0.209375 0.1953125
1 0.63671875 0.83515625 0.209375 0.2171875
0 0.10703125 0.90078125 0.075 0.0953125
2 0.640625 0.58828125 0.26875 0.40625
0 0.12421875 0.37421875 0.08125 0.078125