2 0.30625 0.53046875 0.253125 0.26484375
1 0.1671875 0.22109375 0.134375 0.27109375
1 0.440625 0.68359375 0.146875 0.2
1 0.6265625 0.75625 0.146875 0.2
1 0.9234375 0.51875 0.146875 0.2625
1 0.92421875 0.29765625 0.1484375 0.2625
1 0.9375 0.10390625 0.121875 0.2078125
1 0.31953125 0.08671875 0.1703125 0.17265625
1 0.5015625 0.07890625 0.23125 0.1578125
1 0.55703125 0.39609375 0.1703125 0.175
1 0.27578125 0.88671875 0.2578125 0.20625
0 0.6640625 0.40859375 0.078125 0.075
0 0.02265625 0.62578125 0.0453125 0.08125
1 0.77578125 0.59375 0.1734375 0.26640625
1 0.7140625 0.81875 0.146875 0.2
1 0.8 0.89765625 0.15625 0.2