1 0.578125 0.62734375 0.203125 0.234375
1 0.78828125 0.4859375 0.1578125 0.20625
1 0.915625 0.90390625 0.153125 0.1921875
1 0.853125 0.703125 0.196875 0.20625
1 0.48515625 0.375 0.153125 0.18125
1 0.53125 0.2484375 0.1671875 0.2359375
1 0.55625 0.134375 0.1671875 0.2359375
1 0.30078125 0.43984375 0.1875 0.18125
1 0.16015625 0.0734375 0.1796875 0.146875
1 0.22578125 0.24609375 0.225 0.2515625
1 0.39453125 0.11328125 0.1671875 0.2265625
1 0.09921875 0.8921875 0.190625 0.2046875
1 0.6984375 0.18515625 0.1640625 0.221875
1 0.43515625 0.86875 0.1640625 0.221875
1 0.87421875 0.33203125 0.1640625 0.221875
0 0.56796875 0.85703125 0.065625 0.0984375
0 0.96875 0.8046875 0.053125 0.1015625
2 0.27265625 0.68984375 0.3171875 0.3546875