1 0.05390625 0.81640625 0.1078125 0.2
1 0.1390625 0.671875 0.165625 0.21875
1 0.2765625 0.559375 0.165625 0.21875
1 0.303125 0.871875 0.165625 0.21875
1 0.41484375 0.71328125 0.1515625 0.19765625
1 0.5140625 0.87890625 0.146875 0.22890625
1 0.771875 0.63125 0.178125 0.225
1 0.728125 0.38984375 0.175 0.22890625
1 0.18984375 0.21484375 0.1640625 0.22890625
1 0.75234375 0.13984375 0.1640625 0.22890625
1 0.5859375 0.64765625 0.178125 0.225
1 0.734375 0.9 0.159375 0.19609375
1 0.93515625 0.79921875 0.1265625 0.22734375
2 0.42578125 0.30390625 0.3609375 0.46640625
0 0.87109375 0.39140625 0.1234375 0.14609375
0 0.8421875 0.0375 0.071875 0.075