2 0.534375 0.61484375 0.35 0.4359375
1 0.90234375 0.3203125 0.1953125 0.2375
1 0.859375 0.15703125 0.2 0.2421875
1 0.76328125 0.23359375 0.2 0.2421875
1 0.6859375 0.35859375 0.1671875 0.2421875
1 0.65859375 0.3 0.1671875 0.2421875
1 0.628125 0.2671875 0.1671875 0.2421875
1 0.57734375 0.23984375 0.1671875 0.2421875
1 0.17578125 0.2296875 0.190625 0.23125
1 0.1328125 0.0953125 0.190625 0.190625
1 0.08671875 0.83125 0.1734375 0.23125
1 0.08828125 0.746875 0.1765625 0.246875
1 0.8578125 0.67578125 0.2203125 0.246875
1 0.76171875 0.79296875 0.2203125 0.246875
1 0.83203125 0.871875 0.2203125 0.246875
1 0.43125 0.91875 0.20625 0.1625
1 0.59140625 0.06484375 0.146875 0.125
1 0.525 0.05234375 0.140625 0.1046875