1 0.10078125 0.465625 0.153125 0.225
1 0.5859375 0.3328125 0.1828125 0.2078125
1 0.83125 0.5203125 0.1890625 0.20625
1 0.86484375 0.28671875 0.190625 0.23125
1 0.66015625 0.73359375 0.190625 0.23125
1 0.228125 0.771875 0.1609375 0.2015625
1 0.35703125 0.09375 0.1609375 0.1875
1 0.7171875 0.1578125 0.1609375 0.2015625
1 0.4109375 0.86953125 0.1609375 0.2015625
1 0.58984375 0.39140625 0.1828125 0.2078125
1 0.13515625 0.44296875 0.153125 0.225
2 0.38203125 0.47890625 0.4265625 0.46875
0 0.24375 0.18828125 0.0765625 0.0984375