1 0.2140625 0.31171875 0.165625 0.1921875
1 0.10625 0.1515625 0.1625 0.1703125
1 0.2046875 0.11796875 0.1609375 0.15
1 0.2765625 0.496875 0.1890625 0.234375
1 0.3203125 0.1703125 0.171875 0.203125
1 0.8546875 0.34765625 0.184375 0.234375
1 0.63125 0.45 0.215625 0.259375
1 0.81953125 0.61484375 0.2015625 0.2453125
1 0.89140625 0.72421875 0.190625 0.225
1 0.69921875 0.10078125 0.2109375 0.2015625
1 0.19453125 0.925 0.2234375 0.15
1 0.1296875 0.42109375 0.2015625 0.2421875
1 0.19609375 0.68359375 0.1703125 0.228125
1 0.1984375 0.67890625 0.1703125 0.228125
0 0.7734375 0.81328125 0.0875 0.1125
2 0.47265625 0.75703125 0.4515625 0.4859375