2 0.81796875 0.3140625 0.296875 0.409375
2 0.4078125 0.25234375 0.4390625 0.4671875
1 0.65859375 0.43125 0.1671875 0.253125
1 0.81796875 0.59453125 0.165625 0.2234375
1 0.87734375 0.7234375 0.1359375 0.1859375
1 0.509375 0.565625 0.1359375 0.1859375
1 0.45234375 0.53984375 0.1359375 0.1859375
1 0.52890625 0.7671875 0.1359375 0.1859375
1 0.465625 0.75703125 0.1359375 0.1859375
1 0.415625 0.74765625 0.1359375 0.1859375
1 0.23046875 0.93359375 0.1515625 0.1328125
1 0.4359375 0.92890625 0.184375 0.1421875
1 0.61875 0.95234375 0.175 0.09375
1 0.925 0.90390625 0.1375 0.1671875
1 0.271875 0.73359375 0.2140625 0.2265625
1 0.06328125 0.4125 0.1265625 0.23125
1 0.0578125 0.565625 0.1140625 0.1828125
1 0.06875 0.77109375 0.121875 0.1796875