1 0.11484375 0.71328125 0.1609375 0.20625
1 0.41171875 0.334375 0.1296875 0.17734375
1 0.85859375 0.390625 0.1609375 0.19765625
1 0.26171875 0.20546875 0.1609375 0.19765625
1 0.81796875 0.61953125 0.1640625 0.23125
1 0.9328125 0.82421875 0.13125 0.17734375
1 0.803125 0.91953125 0.153125 0.15625
1 0.55078125 0.95 0.1609375 0.09609375
1 0.334375 0.95703125 0.15625 0.08125
1 0.0671875 0.2125 0.134375 0.17109375
2 0.4328125 0.66796875 0.24375 0.31015625
1 0.2546875 0.71640625 0.13125 0.2125
1 0.2359375 0.55 0.13125 0.2125
1 0.62578125 0.43203125 0.1390625 0.23125
1 0.51953125 0.31171875 0.1421875 0.19765625