1 0.228125 0.31875 0.159375 0.203125
1 0.30859375 0.88828125 0.1734375 0.221875
1 0.46171875 0.91328125 0.1734375 0.171875
1 0.66875 0.92109375 0.178125 0.1578125
1 0.09609375 0.57421875 0.1484375 0.178125
1 0.64140625 0.27734375 0.1546875 0.209375
1 0.49140625 0.23125 0.1546875 0.209375
1 0.109375 0.09140625 0.1375 0.178125
1 0.37734375 0.5375 0.2046875 0.2625
1 0.59375 0.090625 0.153125 0.178125
1 0.7015625 0.090625 0.153125 0.178125
1 0.75625 0.44453125 0.153125 0.178125
1 0.8734375 0.928125 0.2125 0.14375
2 0.56015625 0.6625 0.3609375 0.35
0 0.21640625 0.934375 0.0546875 0.08125