2 0.27578125 0.34609375 0.3421875 0.4203125
1 0.440625 0.6875 0.209375 0.2421875
1 0.36953125 0.64921875 0.209375 0.2421875
1 0.70859375 0.50234375 0.18125 0.2375
1 0.871875 0.61171875 0.209375 0.2421875
1 0.8703125 0.15859375 0.1875 0.2578125
1 0.4125 0.12578125 0.1859375 0.2515625
1 0.065625 0.42734375 0.13125 0.2171875
1 0.1015625 0.678125 0.1890625 0.2390625
1 0.2125 0.76640625 0.1921875 0.240625
1 0.6265625 0.82265625 0.2375 0.26875
1 0.7375 0.72734375 0.1890625 0.2484375
1 0.8953125 0.31328125 0.1875 0.246875
1 0.66328125 0.51796875 0.1328125 0.2265625
1 0.80078125 0.87109375 0.178125 0.1875
1 0.8921875 0.85546875 0.178125 0.1875
0 0.33125 0.81015625 0.06875 0.08125
1 0.771875 0.29453125 0.18125 0.2375
1 0.32109375 0.92421875 0.1890625 0.1515625
1 0.1484375 0.15625 0.2390625 0.2171875