1 0.78203125 0.828125 0.1921875 0.21484375
1 0.515625 0.453125 0.178125 0.16484375
1 0.60859375 0.65078125 0.1578125 0.21875
1 0.6578125 0.32421875 0.18125 0.22265625
1 0.67890625 0.09375 0.1796875 0.1875
1 0.1421875 0.884375 0.1875 0.22734375
1 0.0859375 0.67109375 0.15625 0.19609375
1 0.1046875 0.1875 0.19375 0.20859375
1 0.23671875 0.07421875 0.1703125 0.14765625
1 0.40703125 0.07421875 0.1703125 0.14765625
1 0.8671875 0.26328125 0.165625 0.21875
1 0.578125 0.734375 0.165625 0.21875
1 0.3453125 0.80546875 0.159375 0.17734375
1 0.37890625 0.22265625 0.1953125 0.25390625
1 0.9359375 0.38046875 0.125 0.20234375
1 0.075 0.37421875 0.15 0.19375
0 0.47421875 0.86484375 0.0859375 0.1
0 0.86953125 0.52109375 0.0984375 0.13359375
2 0.2484375 0.51484375 0.328125 0.4125