2 0.32578125 0.25078125 0.2890625 0.3125
0 0.409375 0.75625 0.084375 0.0984375
0 0.22109375 0.609375 0.084375 0.0984375
1 0.353125 0.60859375 0.215625 0.2578125
1 0.4859375 0.55 0.215625 0.2578125
1 0.5625 0.41875 0.215625 0.2578125
1 0.715625 0.15625 0.215625 0.2578125
1 0.87734375 0.28984375 0.215625 0.2578125
1 0.815625 0.36640625 0.215625 0.2578125
1 0.9234375 0.6375 0.153125 0.215625
1 0.8296875 0.66015625 0.1859375 0.215625
1 0.13046875 0.72265625 0.1859375 0.215625
1 0.075 0.75 0.115625 0.20625
1 0.3875 0.92578125 0.16875 0.1484375
1 0.6359375 0.87109375 0.196875 0.2484375
1 0.796875 0.8765625 0.1609375 0.1953125
1 0.04453125 0.215625 0.0890625 0.25
1 0.66953125 0.6890625 0.215625 0.2578125
1 0.5171875 0.12734375 0.215625 0.2546875