1 0.81015625 0.21875 0.175 0.2078125
1 0.95 0.34453125 0.1 0.1984375
1 0.35859375 0.22109375 0.171875 0.2484375
1 0.278125 0.77109375 0.1609375 0.228125
1 0.03046875 0.8296875 0.0609375 0.178125
1 0.6125 0.11796875 0.1890625 0.2296875
1 0.50703125 0.07421875 0.1265625 0.1484375
1 0.68828125 0.59609375 0.1890625 0.2015625
1 0.834375 0.58046875 0.1890625 0.2015625
1 0.3484375 0.56015625 0.203125 0.2375
1 0.42890625 0.6109375 0.2078125 0.253125
1 0.1125 0.31328125 0.203125 0.2375
0 0.7828125 0.9265625 0.0859375 0.1265625
0 0.31171875 0.903125 0.10625 0.10625
2 0.6125 0.8515625 0.375 0.296875