1 0.24921875 0.71796875 0.1703125 0.26484375
1 0.7171875 0.42578125 0.18125 0.22265625
1 0.7921875 0.25390625 0.14375 0.22890625
1 0.59296875 0.29765625 0.1796875 0.2375
1 0.88984375 0.6875 0.1453125 0.23359375
1 0.103125 0.74375 0.134375 0.21640625
1 0.25859375 0.33671875 0.1609375 0.21484375
1 0.153125 0.5125 0.20625 0.19140625
1 0.43828125 0.065625 0.1734375 0.13125
1 0.66875 0.83828125 0.209375 0.24765625
0 0.38359375 0.44296875 0.0671875 0.08125
0 0.82578125 0.93046875 0.0609375 0.07265625
2 0.43203125 0.69921875 0.2671875 0.33515625