1 0.4703125 0.5859375 0.2 0.225
1 0.2734375 0.815625 0.2 0.225
1 0.82265625 0.628125 0.165625 0.171875
1 0.921875 0.390625 0.15625 0.246875
1 0.29140625 0.10859375 0.2 0.190625
1 0.06796875 0.64921875 0.1359375 0.2703125
1 0.6453125 0.59765625 0.234375 0.278125
1 0.5796875 0.3546875 0.20625 0.2453125
1 0.84765625 0.96484375 0.1328125 0.0703125
1 0.74296875 0.13984375 0.1828125 0.2
1 0.15 0.15703125 0.1765625 0.2046875
2 0.2546875 0.36171875 0.3328125 0.371875
2 0.51328125 0.071875 0.059375 0.065625