1 0.29765625 0.62890625 0.1796875 0.23359375
1 0.64453125 0.24375 0.1796875 0.23359375
1 0.71953125 0.7125 0.1796875 0.23359375
1 0.56171875 0.490625 0.1140625 0.24375
1 0.31875 0.390625 0.19375 0.23984375
1 0.51328125 0.86875 0.1671875 0.225
1 0.3234375 0.83515625 0.2 0.20390625
1 0.86640625 0.55390625 0.1796875 0.23359375
1 0.83125 0.890625 0.15625 0.21484375
1 0.596875 0.075 0.18125 0.15
1 0.48984375 0.4875 0.1796875 0.22890625
1 0.196875 0.82578125 0.190625 0.20234375
2 0.37421875 0.16484375 0.3390625 0.32890625