1 0.7359375 0.865625 0.15625 0.184375
1 0.5015625 0.78125 0.175 0.2109375
1 0.2765625 0.70390625 0.171875 0.18125
1 0.084375 0.7109375 0.1375 0.265625
1 0.846875 0.58046875 0.19375 0.275
1 0.53125 0.5734375 0.175 0.2109375
1 0.4203125 0.559375 0.1546875 0.209375
1 0.51796875 0.23515625 0.175 0.2109375
1 0.59375 0.36484375 0.190625 0.2171875
1 0.6921875 0.4640625 0.190625 0.2171875
1 0.8828125 0.290625 0.190625 0.2171875
1 0.2546875 0.53203125 0.1609375 0.196875
1 0.1875 0.5078125 0.1609375 0.196875
1 0.26328125 0.321875 0.1921875 0.20625
1 0.4015625 0.13125 0.1921875 0.20625
1 0.33828125 0.89296875 0.234375 0.209375
1 0.7359375 0.27109375 0.15625 0.184375
1 0.72109375 0.1640625 0.15625 0.184375
2 0.20703125 0.096875 0.3171875 0.19375