0 0.18203125 0.41171875 0.0765625 0.0890625
2 0.5703125 0.47734375 0.26875 0.3359375
1 0.6375 0.70625 0.246875 0.240625
1 0.7875 0.43203125 0.1796875 0.23125
1 0.92734375 0.2671875 0.1453125 0.23125
1 0.93125 0.1703125 0.1375 0.23125
1 0.86171875 0.09140625 0.1625 0.1359375
1 0.61484375 0.2265625 0.1796875 0.1546875
1 0.28046875 0.634375 0.175 0.24375
1 0.5921875 0.884375 0.175 0.23125
1 0.85234375 0.65703125 0.175 0.24375
1 0.32421875 0.12109375 0.1984375 0.228125
1 0.078125 0.26875 0.134375 0.225
1 0.0859375 0.7046875 0.171875 0.228125
1 0.05859375 0.875 0.1171875 0.178125
1 0.3015625 0.82421875 0.175 0.24375
1 0.1671875 0.9015625 0.1484375 0.1484375