1 0.59765625 0.11953125 0.2125 0.2328125
1 0.86796875 0.3890625 0.2125 0.2328125
1 0.175 0.83046875 0.2125 0.2328125
1 0.615625 0.378125 0.253125 0.271875
1 0.7421875 0.26796875 0.20625 0.21875
1 0.734375 0.13671875 0.215625 0.21875
1 0.421875 0.22890625 0.2125 0.2328125
1 0.36953125 0.34296875 0.2125 0.265625
1 0.7 0.7890625 0.2375 0.2765625
1 0.621875 0.93828125 0.2 0.1234375
1 0.4625 0.91015625 0.23125 0.1796875
1 0.93046875 0.5609375 0.1390625 0.23125
1 0.08125 0.7046875 0.1625 0.225
1 0.196875 0.375 0.2234375 0.309375
0 0.34765625 0.83359375 0.071875 0.09375
2 0.50859375 0.6375 0.4140625 0.4671875