1 0.86640625 0.38671875 0.1796875 0.23125
1 0.721875 0.25234375 0.2328125 0.2609375
1 0.89921875 0.66953125 0.2015625 0.2609375
1 0.50546875 0.62578125 0.2265625 0.2625
1 0.15234375 0.3890625 0.2125 0.2578125
1 0.7109375 0.61484375 0.234375 0.259375
1 0.40234375 0.3703125 0.175 0.2125
1 0.29453125 0.28984375 0.175 0.2125
1 0.04609375 0.16484375 0.0921875 0.1921875
1 0.12265625 0.6296875 0.1921875 0.2015625
1 0.1265625 0.721875 0.203125 0.2421875
1 0.61328125 0.40703125 0.221875 0.3546875
1 0.70234375 0.065625 0.2203125 0.13125
1 0.371875 0.246875 0.15625 0.184375
0 0.7375 0.82578125 0.0796875 0.0875
0 0.5484375 0.46640625 0.0796875 0.0890625
0 0.29140625 0.43515625 0.06875 0.1078125
0 0.084375 0.1328125 0.08125 0.0859375
2 0.353125 0.80546875 0.41875 0.3890625