1 0.4046875 0.8625 0.1875 0.1953125
1 0.84609375 0.715625 0.1984375 0.2171875
1 0.85625 0.49453125 0.1734375 0.2
1 0.74296875 0.490625 0.190625 0.2703125
1 0.596875 0.44453125 0.0921875 0.28125
1 0.5515625 0.3328125 0.1640625 0.2265625
1 0.8609375 0.175 0.171875 0.23125
1 0.390625 0.6484375 0.2390625 0.2
1 0.12265625 0.5796875 0.1734375 0.2578125
1 0.615625 0.084375 0.203125 0.1625
1 0.7140625 0.228125 0.1421875 0.2421875
1 0.71171875 0.8734375 0.1890625 0.225
2 0.2828125 0.35546875 0.5453125 0.540625