1 0.371875 0.80859375 0.2109375 0.2953125
1 0.121875 0.5953125 0.20625 0.25
1 0.2921875 0.9328125 0.20625 0.134375
1 0.70078125 0.4796875 0.2125 0.234375
1 0.52734375 0.14140625 0.2234375 0.271875
1 0.30390625 0.190625 0.2015625 0.225
1 0.66328125 0.29453125 0.2125 0.234375
1 0.66015625 0.10546875 0.2265625 0.2109375
1 0.56484375 0.67265625 0.20625 0.190625
1 0.675 0.84921875 0.15625 0.2546875
1 0.19921875 0.8234375 0.184375 0.2171875
1 0.15 0.2484375 0.19375 0.234375
1 0.88984375 0.28984375 0.190625 0.246875
2 0.49296875 0.4046875 0.4359375 0.509375