1 0.09609375 0.58828125 0.1453125 0.2109375
1 0.103125 0.359375 0.1609375 0.215625
1 0.13046875 0.125 0.15625 0.23125
1 0.41484375 0.75234375 0.1921875 0.2140625
1 0.23203125 0.66640625 0.1921875 0.2140625
1 0.27421875 0.896875 0.1921875 0.20625
1 0.6296875 0.790625 0.1921875 0.2140625
1 0.759375 0.4453125 0.1921875 0.215625
1 0.75078125 0.23671875 0.1921875 0.215625
1 0.9046875 0.1015625 0.175 0.203125
1 0.8125 0.65703125 0.2046875 0.2625
0 0.2078125 0.46171875 0.0625 0.071875
2 0.44765625 0.25078125 0.35 0.4515625