2 0.8078125 0.5953125 0.378125 0.453125
1 0.540625 0.696875 0.2109375 0.25
1 0.31640625 0.76328125 0.2109375 0.296875
1 0.30859375 0.33515625 0.2234375 0.3265625
1 0.74375 0.2609375 0.196875 0.2125
1 0.646875 0.8359375 0.196875 0.2125
1 0.4765625 0.909375 0.19375 0.18125
1 0.06015625 0.51953125 0.1203125 0.2640625
1 0.16328125 0.2828125 0.1859375 0.2625
1 0.0609375 0.25859375 0.121875 0.2171875
1 0.1546875 0.60859375 0.1859375 0.25
1 0.571875 0.1203125 0.209375 0.240625
1 0.70078125 0.14765625 0.209375 0.24375
1 0.27265625 0.9328125 0.1765625 0.134375
1 0.47578125 0.91640625 0.1765625 0.1671875