2 0.3078125 0.2375 0.3046875 0.3734375
1 0.52421875 0.359375 0.184375 0.259375
1 0.70078125 0.30390625 0.184375 0.259375
1 0.55546875 0.63203125 0.184375 0.259375
1 0.3625 0.6671875 0.1765625 0.24375
1 0.53984375 0.8765625 0.2109375 0.246875
1 0.896875 0.44609375 0.20625 0.2515625
1 0.1609375 0.91171875 0.18125 0.146875
1 0.16015625 0.0703125 0.1703125 0.140625
1 0.1171875 0.39296875 0.146875 0.2046875
1 0.8703125 0.09453125 0.1640625 0.159375
1 0.9375 0.65546875 0.115625 0.1734375
1 0.88984375 0.859375 0.1921875 0.215625
1 0.0921875 0.55390625 0.159375 0.2453125
0 0.22734375 0.6421875 0.065625 0.103125
1 0.65234375 0.12109375 0.20625 0.2359375
1 0.3953125 0.58828125 0.159375 0.178125
1 0.3484375 0.53203125 0.159375 0.178125