1 0.109375 0.58203125 0.1921875 0.234375
1 0.09921875 0.7171875 0.1984375 0.246875
1 0.31953125 0.759375 0.209375 0.246875
1 0.3765625 0.60546875 0.209375 0.246875
1 0.28828125 0.5671875 0.1703125 0.2109375
1 0.72265625 0.54296875 0.1984375 0.221875
1 0.884375 0.540625 0.23125 0.23125
1 0.40234375 0.26640625 0.2 0.2359375
1 0.1203125 0.259375 0.2015625 0.2671875
1 0.22265625 0.0921875 0.2453125 0.184375
1 0.92734375 0.3578125 0.1453125 0.271875
1 0.7625 0.9265625 0.234375 0.146875
1 0.5640625 0.778125 0.2125 0.271875
2 0.68515625 0.26484375 0.5296875 0.5296875