1 0.103125 0.51953125 0.16875 0.2
1 0.4203125 0.74140625 0.2 0.2671875
1 0.9390625 0.73671875 0.121875 0.2109375
1 0.3765625 0.934375 0.228125 0.13125
1 0.58203125 0.89453125 0.2140625 0.2109375
1 0.571875 0.715625 0.2015625 0.2421875
1 0.2875 0.13828125 0.246875 0.2484375
1 0.19140625 0.89921875 0.2046875 0.2015625
1 0.8046875 0.1296875 0.184375 0.259375
1 0.3828125 0.359375 0.2234375 0.2296875
1 0.87265625 0.52265625 0.2140625 0.221875
1 0.82734375 0.70859375 0.2 0.2171875
0 0.896875 0.353125 0.096875 0.103125
2 0.67578125 0.453125 0.49375 0.5859375