1 0.68984375 0.425 0.1671875 0.2171875
1 0.1515625 0.67890625 0.153125 0.2078125
1 0.28984375 0.68359375 0.1375 0.228125
1 0.1828125 0.15625 0.15625 0.1828125
1 0.7578125 0.26796875 0.0921875 0.309375
1 0.8984375 0.28125 0.159375 0.203125
1 0.63125 0.23984375 0.2 0.2328125
1 0.83671875 0.69140625 0.15625 0.1953125
1 0.9140625 0.71015625 0.1640625 0.1875
1 0.64296875 0.7546875 0.1578125 0.209375
1 0.0890625 0.3890625 0.1453125 0.2046875
1 0.075 0.29296875 0.15 0.1984375
1 0.50859375 0.68125 0.128125 0.221875
2 0.3546875 0.290625 0.3578125 0.4078125