2 0.41953125 0.821875 0.3171875 0.35625
1 0.57421875 0.5453125 0.1703125 0.215625
1 0.43828125 0.28203125 0.1890625 0.23125
1 0.63671875 0.27265625 0.1890625 0.23125
1 0.92109375 0.34765625 0.1578125 0.2765625
1 0.675 0.65390625 0.2015625 0.2765625
1 0.9171875 0.734375 0.140625 0.2609375
1 0.9265625 0.5859375 0.146875 0.196875
1 0.80859375 0.44765625 0.1515625 0.196875
1 0.765625 0.10859375 0.2015625 0.171875
1 0.66875 0.46015625 0.1890625 0.23125
1 0.6734375 0.93984375 0.175 0.1203125
1 0.5765625 0.94140625 0.140625 0.1171875
1 0.31015625 0.525 0.1890625 0.2265625
1 0.26171875 0.4875 0.1203125 0.1625
1 0.0765625 0.45546875 0.153125 0.2328125
1 0.11484375 0.3640625 0.1625 0.2328125
1 0.12578125 0.1 0.1671875 0.2
1 0.05 0.828125 0.1 0.23125
1 0.15390625 0.69765625 0.225 0.2984375
1 0.278125 0.70625 0.2109375 0.24375
1 0.53359375 0.19296875 0.2234375 0.278125