1 0.834375 0.353125 0.190625 0.25234375
1 0.753125 0.665625 0.16875 0.25625
1 0.26015625 0.4 0.1453125 0.21640625
1 0.53203125 0.15859375 0.1453125 0.21640625
1 0.81328125 0.10546875 0.1578125 0.21015625
1 0.078125 0.69765625 0.15625 0.2125
1 0.33203125 0.59609375 0.1578125 0.2125
1 0.24453125 0.75234375 0.1765625 0.20390625
1 0.41953125 0.76875 0.1765625 0.20390625
1 0.92265625 0.69765625 0.1515625 0.20859375
1 0.69609375 0.225 0.1515625 0.20859375
1 0.2359375 0.88125 0.14375 0.15390625
1 0.10078125 0.14375 0.1984375 0.20859375
1 0.3859375 0.340625 0.109375 0.27734375
1 0.6203125 0.84921875 0.159375 0.21484375
1 0.103125 0.46796875 0.159375 0.21484375
1 0.91953125 0.91640625 0.1578125 0.1625
0 0.72421875 0.940625 0.0859375 0.11015625
0 0.49765625 0.85546875 0.0546875 0.04765625
2 0.5546875 0.51171875 0.378125 0.45234375