0 0.175 0.4453125 0.071875 0.084375
2 0.5671875 0.46953125 0.2484375 0.3203125
1 0.6578125 0.69140625 0.23125 0.225
1 0.77890625 0.40234375 0.1640625 0.221875
1 0.91640625 0.2234375 0.1609375 0.221875
1 0.91484375 0.125 0.1609375 0.221875
1 0.81640625 0.059375 0.1546875 0.11875
1 0.5859375 0.21640625 0.171875 0.1421875
1 0.2953125 0.65703125 0.159375 0.234375
1 0.6328125 0.8796875 0.159375 0.234375
1 0.8671875 0.61953125 0.159375 0.234375
1 0.2859375 0.14140625 0.184375 0.215625
1 0.0578125 0.3140625 0.115625 0.21875
1 0.09609375 0.7484375 0.184375 0.215625
1 0.0796875 0.91875 0.146875 0.1625
1 0.33671875 0.84375 0.159375 0.234375
1 0.2109375 0.93203125 0.140625 0.1359375