1 0.44453125 0.58984375 0.1765625 0.19140625
1 0.3265625 0.41796875 0.18125 0.23125
1 0.3234375 0.41328125 0.18125 0.23125
1 0.19296875 0.515625 0.1703125 0.21484375
1 0.084375 0.084375 0.15 0.16875
1 0.8125 0.153125 0.1625 0.19375
1 0.85 0.3875 0.159375 0.20859375
1 0.10625 0.72734375 0.13125 0.1875
1 0.134375 0.31015625 0.13125 0.1875
1 0.1140625 0.48984375 0.13125 0.1875
1 0.5796875 0.653125 0.103125 0.21875
1 0.6453125 0.21171875 0.14375 0.18125
1 0.72578125 0.37890625 0.1578125 0.17890625
1 0.61484375 0.92578125 0.1578125 0.13984375
1 0.29375 0.62109375 0.140625 0.20390625
2 0.7703125 0.684375 0.3 0.42265625
0 0.50859375 0.83515625 0.0640625 0.07890625