1 0.13125 0.44765625 0.171875 0.2
1 0.09296875 0.17265625 0.1515625 0.20390625
1 0.125 0.83515625 0.175 0.20859375
1 0.25625 0.76484375 0.175 0.20859375
1 0.33515625 0.62421875 0.1796875 0.25234375
1 0.46171875 0.81796875 0.1515625 0.19765625
1 0.62578125 0.7 0.1609375 0.1875
1 0.6078125 0.23359375 0.190625 0.22890625
1 0.365625 0.10390625 0.203125 0.2078125
1 0.34609375 0.32421875 0.1703125 0.19375
1 0.3859375 0.39609375 0.140625 0.1625
1 0.721875 0.078125 0.234375 0.15625
1 0.90546875 0.54140625 0.1765625 0.16640625
1 0.79765625 0.33828125 0.1296875 0.17265625
1 0.87109375 0.30546875 0.1484375 0.22265625
2 0.8671875 0.79375 0.2625 0.38359375
0 0.69765625 0.553125 0.1078125 0.15234375
0 0.13984375 0.27890625 0.0703125 0.09140625
0 0.2140625 0.090625 0.08125 0.08125