1 0.596875 0.88984375 0.1703125 0.2125
1 0.4203125 0.76796875 0.1984375 0.228125
1 0.2546875 0.6390625 0.1328125 0.1859375
1 0.22578125 0.8359375 0.159375 0.1890625
1 0.13203125 0.84296875 0.115625 0.159375
1 0.0640625 0.69375 0.128125 0.225
1 0.75 0.47421875 0.1640625 0.2375
1 0.89140625 0.82734375 0.1640625 0.2375
1 0.87890625 0.66015625 0.1671875 0.2234375
1 0.70546875 0.684375 0.178125 0.209375
1 0.7609375 0.8 0.1515625 0.171875
1 0.67421875 0.35234375 0.1640625 0.2375
1 0.4453125 0.11171875 0.18125 0.2234375
1 0.11953125 0.19140625 0.1625 0.2515625
1 0.80390625 0.18515625 0.209375 0.2375
2 0.421875 0.4453125 0.34375 0.50625