1 0.47578125 0.82265625 0.1703125 0.22890625
1 0.5859375 0.921875 0.178125 0.14765625
1 0.71953125 0.79375 0.1703125 0.22890625
1 0.709375 0.57890625 0.13125 0.1875
1 0.58046875 0.62734375 0.1703125 0.22890625
1 0.40078125 0.28984375 0.1703125 0.22890625
1 0.325 0.32890625 0.165625 0.21640625
1 0.51796875 0.071875 0.1609375 0.14375
1 0.69140625 0.30234375 0.1703125 0.22890625
1 0.7734375 0.08359375 0.165625 0.16640625
1 0.1421875 0.36015625 0.190625 0.2
1 0.25390625 0.146875 0.1796875 0.22265625
2 0.23828125 0.65703125 0.2515625 0.31015625