1 0.09921875 0.50625 0.1390625 0.21640625
1 0.57421875 0.67265625 0.1703125 0.19609375
1 0.83203125 0.503125 0.1765625 0.19375
1 0.84921875 0.73828125 0.1765625 0.21875
1 0.67578125 0.278125 0.1765625 0.21875
1 0.24765625 0.21015625 0.1484375 0.19140625
1 0.32890625 0.90234375 0.1484375 0.19140625
1 0.69296875 0.85625 0.1484375 0.19140625
1 0.43671875 0.125 0.1484375 0.19140625
1 0.58203125 0.61484375 0.1703125 0.19609375
1 0.13203125 0.53125 0.1390625 0.21640625
2 0.38125 0.5125 0.396875 0.44140625
0 0.22265625 0.79296875 0.0703125 0.09375