1 0.578125 0.68203125 0.18125 0.2109375
1 0.73671875 0.8484375 0.18125 0.2734375
1 0.2109375 0.76171875 0.18125 0.2109375
1 0.315625 0.765625 0.18125 0.2109375
1 0.13359375 0.57421875 0.1640625 0.2171875
1 0.16015625 0.47265625 0.159375 0.19375
1 0.1734375 0.21796875 0.159375 0.19375
1 0.253125 0.24375 0.159375 0.19375
1 0.33046875 0.46015625 0.16875 0.2171875
1 0.92421875 0.465625 0.1515625 0.209375
1 0.91796875 0.09765625 0.1515625 0.1953125
1 0.4796875 0.51171875 0.153125 0.209375
2 0.61796875 0.203125 0.3796875 0.40625