1 0.09453125 0.41875 0.1421875 0.20859375
1 0.10546875 0.64765625 0.1578125 0.2125
1 0.13671875 0.88125 0.1515625 0.22890625
1 0.41015625 0.24921875 0.1890625 0.21015625
1 0.22890625 0.33828125 0.1890625 0.21015625
1 0.26796875 0.10390625 0.1890625 0.2078125
1 0.62421875 0.20703125 0.1890625 0.21015625
1 0.76015625 0.55 0.1890625 0.2125
1 0.75546875 0.75859375 0.1890625 0.2125
1 0.9125 0.89453125 0.171875 0.20625
1 0.809375 0.3375 0.2 0.25859375
0 0.20859375 0.54375 0.0609375 0.07109375
2 0.45234375 0.75 0.3421875 0.44609375