1 0.31015625 0.9140625 0.1921875 0.171875
1 0.34453125 0.09921875 0.1921875 0.190625
1 0.86953125 0.5453125 0.1828125 0.2140625
1 0.9171875 0.86171875 0.165625 0.2140625
1 0.553125 0.46796875 0.1984375 0.2359375
1 0.20859375 0.1765625 0.1984375 0.2359375
1 0.14765625 0.38671875 0.1984375 0.2359375
1 0.17265625 0.703125 0.190625 0.2703125
1 0.9203125 0.67421875 0.159375 0.2109375
1 0.740625 0.36640625 0.1828125 0.2109375
2 0.34296875 0.3125 0.2234375 0.2734375
2 0.68671875 0.803125 0.165625 0.2015625