1 0.58515625 0.5640625 0.1859375 0.2140625
1 0.19765625 0.59765625 0.15 0.1859375
1 0.35625 0.51015625 0.20625 0.246875
1 0.459375 0.8828125 0.20625 0.234375
1 0.6296875 0.82421875 0.20625 0.246875
1 0.359375 0.709375 0.2046875 0.2328125
1 0.21640625 0.20625 0.16875 0.2140625
1 0.1484375 0.7640625 0.209375 0.225
1 0.834375 0.18984375 0.2 0.2296875
1 0.68203125 0.21328125 0.1859375 0.2140625
1 0.50859375 0.1390625 0.196875 0.2453125
1 0.375 0.290625 0.1984375 0.2671875
1 0.05703125 0.28984375 0.1140625 0.2796875
1 0.621875 0.05859375 0.175 0.1171875
2 0.82109375 0.5875 0.3578125 0.5125