1 0.69921875 0.778125 0.153125 0.1828125
1 0.74296875 0.94296875 0.1515625 0.1140625
1 0.6375 0.9453125 0.153125 0.109375
1 0.7078125 0.5828125 0.1734375 0.225
1 0.54921875 0.871875 0.159375 0.1953125
1 0.1140625 0.515625 0.16875 0.2265625
1 0.359375 0.5 0.1984375 0.2484375
1 0.2421875 0.278125 0.184375 0.2359375
1 0.21484375 0.15078125 0.1765625 0.215625
1 0.1640625 0.81953125 0.1953125 0.23125
1 0.92421875 0.16640625 0.1515625 0.2328125
1 0.8171875 0.70625 0.1859375 0.2328125
1 0.84921875 0.4375 0.1546875 0.2203125
1 0.84609375 0.44140625 0.1546875 0.2203125
0 0.35703125 0.11015625 0.0796875 0.1078125
2 0.61953125 0.26328125 0.4203125 0.4734375