1 0.81796875 0.175 0.1734375 0.1875
1 0.67265625 0.215625 0.1765625 0.20625
1 0.55390625 0.565625 0.1765625 0.20625
1 0.82265625 0.58828125 0.1578125 0.18515625
1 0.92734375 0.43359375 0.1421875 0.24609375
1 0.7203125 0.4625 0.178125 0.24140625
1 0.15390625 0.83046875 0.1765625 0.20625
1 0.21484375 0.09921875 0.1671875 0.19765625
1 0.48359375 0.84296875 0.1921875 0.22265625
1 0.7515625 0.83984375 0.19375 0.26640625
2 0.29296875 0.35859375 0.3609375 0.45859375
0 0.55078125 0.31328125 0.0546875 0.06484375