1 0.65546875 0.49609375 0.1515625 0.203125
1 0.36484375 0.45390625 0.1515625 0.203125
1 0.27734375 0.42109375 0.1515625 0.203125
1 0.34765625 0.18515625 0.1703125 0.234375
1 0.54140625 0.33359375 0.1703125 0.234375
1 0.671875 0.134375 0.1625 0.203125
1 0.83125 0.08125 0.184375 0.146875
1 0.7109375 0.83359375 0.196875 0.275
1 0.925 0.30859375 0.15 0.203125
1 0.12578125 0.55234375 0.1515625 0.203125
1 0.4296875 0.08984375 0.1375 0.175
1 0.8390625 0.43359375 0.1625 0.178125
1 0.90390625 0.640625 0.1671875 0.19375
1 0.86796875 0.92578125 0.1671875 0.146875
2 0.52109375 0.71015625 0.2609375 0.275