1 0.8828125 0.47421875 0.1828125 0.2328125
1 0.79609375 0.6515625 0.2359375 0.2640625
1 0.81640625 0.19765625 0.2125 0.2640625
1 0.46015625 0.38046875 0.2296875 0.265625
1 0.21484375 0.728125 0.215625 0.2609375
1 0.65546875 0.3171875 0.2375 0.2625
1 0.45546875 0.65625 0.1765625 0.2140625
1 0.38359375 0.7703125 0.1765625 0.2140625
1 0.159375 0.94609375 0.171875 0.1078125
1 0.10078125 0.5140625 0.19375 0.203125
1 0.0875 0.42578125 0.175 0.2453125
1 0.6390625 0.54609375 0.2265625 0.3578125
1 0.85546875 0.86015625 0.221875 0.1921875
1 0.47109375 0.7828125 0.159375 0.1859375
0 0.6046875 0.1109375 0.08125 0.0890625
0 0.5578125 0.5140625 0.08125 0.090625
0 0.328125 0.63515625 0.0703125 0.1078125
0 0.24375 0.9734375 0.08125 0.053125
2 0.24453125 0.240625 0.4234375 0.45