2 0.5046875 0.8984375 0.259375 0.203125
0 0.8671875 0.36953125 0.1015625 0.1078125
1 0.390625 0.61328125 0.259375 0.284375
1 0.56015625 0.6140625 0.2234375 0.253125
1 0.61640625 0.81484375 0.2234375 0.253125
1 0.6390625 0.23984375 0.2234375 0.253125
1 0.74609375 0.171875 0.2234375 0.253125
1 0.57109375 0.08671875 0.2046875 0.1734375
1 0.478125 0.07109375 0.178125 0.1421875
1 0.79765625 0.03203125 0.1953125 0.0640625
1 0.1828125 0.80546875 0.1796875 0.2171875
1 0.2375 0.7515625 0.1796875 0.2171875
1 0.2296875 0.61796875 0.1796875 0.2171875
1 0.16640625 0.596875 0.1796875 0.2171875
1 0.1265625 0.5640625 0.1796875 0.2171875
1 0.090625 0.50546875 0.18125 0.2390625
1 0.0859375 0.1875 0.171875 0.21875
1 0.83046875 0.78203125 0.2109375 0.2390625
1 0.94140625 0.60625 0.1171875 0.246875
1 0.94609375 0.7953125 0.1078125 0.221875
1 0.52890625 0.29375 0.2234375 0.24375
1 0.36640625 0.321875 0.1609375 0.2046875
1 0.3453125 0.21328125 0.1609375 0.2046875
1 0.39921875 0.1125 0.2109375 0.225