1 0.36328125 0.7109375 0.2421875 0.25
1 0.49375 0.878125 0.1703125 0.2296875
1 0.77421875 0.88359375 0.1921875 0.2328125
1 0.63203125 0.76796875 0.1921875 0.2390625
1 0.68515625 0.5671875 0.1921875 0.2390625
1 0.60390625 0.2125 0.2140625 0.246875
1 0.4015625 0.33515625 0.21875 0.2796875
1 0.684375 0.41484375 0.2078125 0.2515625
1 0.425 0.1109375 0.21875 0.221875
1 0.23984375 0.07734375 0.2234375 0.1546875
1 0.925 0.278125 0.15 0.19375
1 0.92578125 0.40078125 0.1484375 0.2234375
1 0.91171875 0.12265625 0.165625 0.15625
1 0.715625 0.09453125 0.165625 0.15625
2 0.16171875 0.5 0.3234375 0.459375
0 0.25703125 0.678125 0.08125 0.1