1 0.4625 0.2640625 0.2171875 0.2390625
1 0.63203125 0.23046875 0.171875 0.2171875
1 0.6203125 0.4421875 0.171875 0.2171875
1 0.7 0.63203125 0.171875 0.2171875
1 0.3625 0.309375 0.15 0.184375
1 0.7078125 0.9203125 0.18125 0.159375
1 0.42734375 0.89375 0.2078125 0.2125
1 0.071875 0.83359375 0.14375 0.2171875
1 0.8984375 0.2671875 0.203125 0.23125
1 0.7515625 0.11640625 0.23125 0.1953125
1 0.8734375 0.87578125 0.1734375 0.2328125
1 0.92734375 0.62265625 0.1453125 0.2890625
1 0.18359375 0.2484375 0.215625 0.28125
1 0.10078125 0.64375 0.2015625 0.28125
2 0.25859375 0.584375 0.240625 0.30625
0 0.50078125 0.44296875 0.08125 0.09375
0 0.3984375 0.5625 0.08125 0.09375
1 0.78515625 0.62421875 0.128125 0.190625