1 0.353125 0.31015625 0.228125 0.2421875
1 0.4375 0.67265625 0.234375 0.296875
1 0.2171875 0.46015625 0.2203125 0.275
1 0.64375 0.846875 0.246875 0.246875
1 0.93828125 0.44296875 0.1234375 0.3140625
1 0.46796875 0.12734375 0.2453125 0.2546875
1 0.30546875 0.10546875 0.1765625 0.2109375
1 0.0765625 0.58203125 0.153125 0.2828125
1 0.1046875 0.290625 0.18125 0.25
1 0.15546875 0.05625 0.1671875 0.1125
1 0.35703125 0.8703125 0.2234375 0.246875
0 0.22109375 0.2984375 0.0578125 0.071875
0 0.36171875 0.471875 0.1 0.1109375
2 0.59609375 0.3890625 0.3703125 0.41875