1 0.53046875 0.71484375 0.1671875 0.2125
1 0.4015625 0.67109375 0.1375 0.175
1 0.13515625 0.22890625 0.1359375 0.25859375
1 0.89765625 0.35859375 0.1671875 0.2125
1 0.33515625 0.44609375 0.1703125 0.21640625
1 0.45859375 0.45546875 0.1515625 0.20234375
1 0.55234375 0.46484375 0.1546875 0.19140625
1 0.32265625 0.86484375 0.1546875 0.19140625
1 0.05390625 0.509375 0.1078125 0.21015625
1 0.28515625 0.675 0.1546875 0.19140625
1 0.7546875 0.35390625 0.146875 0.21640625
1 0.80625 0.60546875 0.184375 0.22734375
1 0.7453125 0.80078125 0.184375 0.22734375
2 0.56640625 0.184375 0.3734375 0.36875