1 0.434375 0.14296875 0.2234375 0.2453125
1 0.221875 0.2296875 0.1859375 0.2328125
1 0.6625 0.08671875 0.18125 0.1734375
1 0.1109375 0.528125 0.221875 0.325
1 0.35703125 0.6359375 0.215625 0.253125
1 0.0921875 0.2859375 0.184375 0.253125
1 0.8046875 0.2328125 0.196875 0.24375
1 0.25 0.825 0.215625 0.253125
1 0.709375 0.69921875 0.215625 0.253125
1 0.47578125 0.8109375 0.215625 0.253125
1 0.8078125 0.85 0.225 0.21875
1 0.25078125 0.95234375 0.2140625 0.0953125
2 0.540625 0.44765625 0.4203125 0.5
0 0.2171875 0.53671875 0.0890625 0.1046875