2 0.29453125 0.24765625 0.2859375 0.35859375
1 0.5171875 0.35859375 0.171875 0.25
1 0.690625 0.29375 0.171875 0.25
1 0.5625 0.62890625 0.171875 0.25
1 0.37109375 0.67421875 0.1640625 0.23515625
1 0.56015625 0.87734375 0.1984375 0.24140625
1 0.89609375 0.425 0.1984375 0.24140625
1 0.1828125 0.92890625 0.175 0.1375
1 0.1375 0.078125 0.1625 0.15625
1 0.1125 0.41328125 0.1375 0.19765625
1 0.8484375 0.07578125 0.15625 0.1515625
1 0.9453125 0.63203125 0.10625 0.16875
1 0.9078125 0.83828125 0.18125 0.20625
1 0.0953125 0.575 0.146875 0.2375
0 0.23515625 0.65625 0.0609375 0.1
1 0.63203125 0.11328125 0.1953125 0.2265625
1 0.4 0.59375 0.15 0.17109375
1 0.35 0.53984375 0.15 0.17109375