1 0.18984375 0.7109375 0.196875 0.275
1 0.4828125 0.228125 0.196875 0.275
1 0.32890625 0.45234375 0.2328125 0.2296875
1 0.790625 0.51484375 0.1765625 0.225
1 0.8546875 0.36796875 0.1765625 0.225
1 0.7203125 0.14140625 0.190625 0.2828125
1 0.0828125 0.32734375 0.165625 0.2796875
1 0.1328125 0.1390625 0.184375 0.2125
1 0.8875 0.18828125 0.1765625 0.225
1 0.92421875 0.59375 0.1515625 0.2375
2 0.521875 0.734375 0.415625 0.53125
0 0.325 0.7984375 0.0703125 0.08125
0 0.12890625 0.46015625 0.09375 0.10625