1 0.25234375 0.51328125 0.2015625 0.23125
1 0.6796875 0.521875 0.2015625 0.23125
1 0.79140625 0.36171875 0.1453125 0.19375
1 0.73125 0.13671875 0.1953125 0.2640625
1 0.88125 0.0984375 0.184375 0.196875
1 0.903125 0.59921875 0.19375 0.2484375
1 0.92109375 0.8421875 0.1578125 0.25
1 0.746875 0.75546875 0.1703125 0.21875
1 0.4609375 0.55 0.2015625 0.23125
1 0.11953125 0.1390625 0.2 0.2296875
1 0.3015625 0.096875 0.1921875 0.178125
1 0.2671875 0.81875 0.178125 0.2296875
1 0.08046875 0.76796875 0.1328125 0.228125
1 0.475 0.33515625 0.215625 0.2625
2 0.51171875 0.80703125 0.3828125 0.3859375
0 0.640625 0.2203125 0.1015625 0.1234375
0 0.6 0.0515625 0.090625 0.103125
0 0.98828125 0.70703125 0.0234375 0.0828125