1 0.890625 0.5953125 0.2046875 0.2125
1 0.6578125 0.78046875 0.203125 0.2484375
1 0.80859375 0.75546875 0.1796875 0.309375
1 0.34453125 0.61640625 0.21875 0.2453125
1 0.46796875 0.76640625 0.1984375 0.2
1 0.54921875 0.515625 0.184375 0.3046875
1 0.4390625 0.43515625 0.203125 0.2484375
1 0.096875 0.57109375 0.19375 0.2515625
1 0.1359375 0.2546875 0.21875 0.2515625
1 0.453125 0.9140625 0.209375 0.171875
1 0.6953125 0.553125 0.221875 0.209375
1 0.865625 0.31171875 0.2265625 0.2484375
1 0.29453125 0.49609375 0.165625 0.19375
1 0.26875 0.04921875 0.159375 0.0984375
1 0.29765625 0.83671875 0.19375 0.284375
0 0.265625 0.12265625 0.090625 0.0953125
2 0.58046875 0.2109375 0.4046875 0.421875