2 0.4515625 0.390625 0.303125 0.40234375
1 0.11640625 0.72734375 0.1828125 0.21640625
1 0.18515625 0.884375 0.1734375 0.22265625
1 0.27109375 0.796875 0.1734375 0.22265625
1 0.3328125 0.66328125 0.140625 0.22734375
1 0.3671875 0.71796875 0.140625 0.22734375
1 0.4015625 0.746875 0.140625 0.22734375
1 0.4546875 0.76796875 0.140625 0.22734375
1 0.8546875 0.72890625 0.165625 0.2125
1 0.915625 0.87734375 0.165625 0.2125
1 0.878125 0.11875 0.165625 0.2125
1 0.9 0.20234375 0.19375 0.225
1 0.1234375 0.36875 0.19375 0.225
1 0.2046875 0.24140625 0.19375 0.225
1 0.125 0.17109375 0.19375 0.225
1 0.515625 0.07265625 0.190625 0.1453125
1 0.4625 0.94296875 0.134375 0.11015625
1 0.52890625 0.95 0.1296875 0.09609375