1 0.27265625 0.4125 0.2390625 0.275
1 0.634375 0.15859375 0.20625 0.209375
1 0.7703125 0.921875 0.2125 0.15625
1 0.73828125 0.45703125 0.2125 0.2359375
1 0.31484375 0.6078125 0.2125 0.2359375
1 0.88671875 0.68203125 0.2109375 0.259375
1 0.5015625 0.64765625 0.2125 0.2359375
1 0.07421875 0.69296875 0.1484375 0.2359375
1 0.190625 0.86328125 0.178125 0.1875
1 0.9375 0.3734375 0.125 0.21875
2 0.5296875 0.3859375 0.25625 0.3375
0 0.94609375 0.25390625 0.053125 0.065625
0 0.94453125 0.14453125 0.0578125 0.090625