1 0.9046875 0.3921875 0.190625 0.275
1 0.94375 0.19453125 0.1125 0.2296875
1 0.8171875 0.13671875 0.2203125 0.19375
1 0.5609375 0.13203125 0.225 0.2640625
1 0.35078125 0.446875 0.2265625 0.2734375
1 0.75234375 0.715625 0.1921875 0.2390625
1 0.8609375 0.84921875 0.1921875 0.2546875
1 0.58359375 0.8265625 0.19375 0.2546875
1 0.434375 0.73125 0.1921875 0.2359375
1 0.26015625 0.6734375 0.215625 0.2421875
1 0.084375 0.78828125 0.16875 0.2421875
1 0.378125 0.2 0.19375 0.2375
1 0.4765625 0.9234375 0.16875 0.153125
1 0.678125 0.94375 0.2 0.1125
2 0.66171875 0.40390625 0.4609375 0.5421875
0 0.2203125 0.4265625 0.1328125 0.159375
0 0.3140625 0.0828125 0.0875 0.0984375