1 0.09453125 0.8375 0.1796875 0.20390625
1 0.14765625 0.628125 0.2078125 0.28984375
1 0.1484375 0.45703125 0.178125 0.19375
1 0.2671875 0.48359375 0.10625 0.27109375
1 0.09765625 0.08125 0.1296875 0.1625
1 0.48515625 0.209375 0.1609375 0.23125
1 0.66484375 0.11796875 0.1359375 0.17734375
1 0.34765625 0.30546875 0.1703125 0.18125
1 0.39453125 0.5625 0.1859375 0.18359375
1 0.33828125 0.77890625 0.1796875 0.2375
1 0.44921875 0.78359375 0.1796875 0.2375
1 0.64453125 0.75703125 0.1796875 0.26484375
1 0.20546875 0.22265625 0.1203125 0.275
1 0.08359375 0.27578125 0.1609375 0.18984375
1 0.2796875 0.11875 0.153125 0.22890625
1 0.92421875 0.48828125 0.1484375 0.28515625
1 0.80625 0.93515625 0.1875 0.125
0 0.7484375 0.76875 0.0625 0.09609375
2 0.65703125 0.47421875 0.3578125 0.41875