1 0.47109375 0.57421875 0.1984375 0.240625
1 0.7359375 0.13828125 0.175 0.21875
1 0.8984375 0.42109375 0.190625 0.2359375
1 0.08984375 0.3625 0.1796875 0.246875
1 0.68046875 0.56640625 0.19375 0.246875
1 0.17734375 0.575 0.19375 0.246875
1 0.459375 0.09453125 0.190625 0.1890625
1 0.34765625 0.68828125 0.190625 0.2046875
1 0.6515625 0.88046875 0.2015625 0.2203125
1 0.4734375 0.925 0.228125 0.15
1 0.25078125 0.896875 0.2046875 0.20625
2 0.29921875 0.309375 0.40625 0.46875
2 0.57109375 0.3453125 0.2890625 0.3375
0 0.99375 0.746875 0.0125 0.075