1 0.3546875 0.81875 0.15625 0.18359375
1 0.3296875 0.38359375 0.15625 0.18359375
1 0.40390625 0.178125 0.1703125 0.23515625
1 0.22734375 0.08359375 0.1609375 0.16640625
1 0.5265625 0.65078125 0.159375 0.22265625
1 0.778125 0.37578125 0.159375 0.22265625
1 0.74453125 0.60234375 0.1484375 0.19609375
1 0.73359375 0.89921875 0.1484375 0.19765625
1 0.62578125 0.10703125 0.1015625 0.14375
1 0.0765625 0.2 0.15 0.16640625
1 0.62890625 0.359375 0.1578125 0.21015625
1 0.1109375 0.41015625 0.15625 0.18359375
2 0.125 0.70390625 0.25 0.3125
0 0.86796875 0.26796875 0.0734375 0.08984375
1 0.20078125 0.46328125 0.1578125 0.23125