1 0.72421875 0.5171875 0.19375 0.196875
1 0.53828125 0.3484375 0.19375 0.196875
1 0.2859375 0.13671875 0.19375 0.196875
1 0.140625 0.309375 0.19375 0.196875
1 0.15859375 0.69765625 0.19375 0.196875
1 0.31171875 0.83125 0.15625 0.184375
1 0.7140625 0.81171875 0.18125 0.196875
1 0.4515625 0.23828125 0.1828125 0.23125
1 0.25546875 0.51015625 0.1828125 0.23125
1 0.52421875 0.77890625 0.1625 0.2234375
1 0.1359375 0.903125 0.15625 0.1734375
1 0.896875 0.08203125 0.171875 0.1390625
2 0.41796875 0.50859375 0.1953125 0.2671875