1 0.72265625 0.49609375 0.2046875 0.17890625
1 0.74296875 0.228125 0.1890625 0.23984375
1 0.92265625 0.246875 0.1515625 0.23984375
1 0.515625 0.19609375 0.1625 0.21640625
1 0.3734375 0.83359375 0.1625 0.19140625
1 0.5015625 0.8125 0.11875 0.17890625
1 0.60703125 0.740625 0.1578125 0.21015625
1 0.71640625 0.80703125 0.1953125 0.18515625
1 0.77421875 0.70703125 0.1953125 0.18515625
1 0.071875 0.86484375 0.14375 0.21640625
1 0.2015625 0.23515625 0.1875 0.17890625
1 0.38203125 0.071875 0.1890625 0.14375
1 0.946875 0.484375 0.103125 0.22734375
2 0.371875 0.521875 0.3875 0.48984375
0 0.07265625 0.64140625 0.0734375 0.075