1 0.84375 0.28671875 0.196875 0.2390625
1 0.72578125 0.38515625 0.2078125 0.2546875
1 0.57890625 0.2796875 0.21875 0.25625
1 0.609375 0.11640625 0.215625 0.23125
1 0.403125 0.15390625 0.2234375 0.259375
1 0.19921875 0.4625 0.2234375 0.259375
1 0.403125 0.396875 0.2390625 0.278125
1 0.8671875 0.58046875 0.2078125 0.2421875
1 0.8015625 0.7875 0.2078125 0.2328125
1 0.72890625 0.93203125 0.1953125 0.1359375
1 0.2484375 0.665625 0.175 0.2125
1 0.15 0.6671875 0.175 0.2125
1 0.04765625 0.825 0.0953125 0.209375
1 0.15390625 0.85546875 0.1734375 0.2015625
1 0.14296875 0.1359375 0.20625 0.2609375
1 0.2734375 0.23359375 0.2390625 0.28125
2 0.5265625 0.7859375 0.4625 0.428125