1 0.3109375 0.83203125 0.18125 0.19375
1 0.12734375 0.86875 0.1734375 0.1875
1 0.4140625 0.28203125 0.18125 0.19375
1 0.69453125 0.19609375 0.1828125 0.225
1 0.72265625 0.43203125 0.1453125 0.22734375
1 0.93046875 0.60546875 0.1359375 0.26484375
1 0.29375 0.50859375 0.153125 0.2125
1 0.4484375 0.69609375 0.153125 0.2125
1 0.159375 0.72734375 0.15625 0.1875
1 0.51328125 0.16484375 0.1765625 0.25
2 0.628125 0.696875 0.20625 0.27734375
0 0.23359375 0.43671875 0.0515625 0.06875
2 0.93203125 0.3125 0.1328125 0.25859375