1 0.3765625 0.88203125 0.15625 0.20234375
1 0.5609375 0.77265625 0.184375 0.21640625
1 0.73515625 0.65546875 0.1203125 0.17734375
1 0.75 0.85390625 0.146875 0.17890625
1 0.84296875 0.86796875 0.1046875 0.15234375
1 0.93125 0.725 0.134375 0.21640625
1 0.25234375 0.45703125 0.1484375 0.22734375
1 0.08671875 0.79921875 0.1484375 0.22734375
1 0.1109375 0.63359375 0.153125 0.2125
1 0.28203125 0.66953125 0.1640625 0.19765625
1 0.21875 0.78125 0.140625 0.1625
1 0.33671875 0.340625 0.1484375 0.22734375
1 0.58125 0.11171875 0.165625 0.22265625
1 0.90078125 0.21875 0.1453125 0.24140625
1 0.21875 0.16484375 0.19375 0.225
2 0.58203125 0.45078125 0.3109375 0.48515625