2 0.3734375 0.41171875 0.278125 0.33515625
1 0.28203125 0.79296875 0.1890625 0.24375
1 0.578125 0.36328125 0.146875 0.25234375
1 0.7734375 0.80078125 0.14375 0.23515625
1 0.7375 0.87421875 0.14375 0.23515625
1 0.4484375 0.8125 0.18125 0.24140625
1 0.77734375 0.26796875 0.1578125 0.16015625
1 0.94375 0.71953125 0.109375 0.23515625
1 0.9046875 0.25078125 0.178125 0.21875
1 0.61171875 0.57734375 0.1828125 0.24609375
1 0.79140625 0.59375 0.1828125 0.24609375
1 0.175 0.446875 0.146875 0.25234375
0 0.175 0.71875 0.05 0.07890625