1 0.228125 0.68125 0.159375 0.20390625
1 0.30859375 0.11171875 0.1734375 0.22265625
1 0.46171875 0.08671875 0.1734375 0.17265625
1 0.66875 0.07890625 0.178125 0.1578125
1 0.09609375 0.42578125 0.1484375 0.17734375
1 0.64140625 0.72265625 0.1546875 0.20859375
1 0.49140625 0.76875 0.1546875 0.20859375
1 0.109375 0.90859375 0.1375 0.17890625
1 0.37734375 0.4625 0.2046875 0.2625
1 0.59375 0.909375 0.153125 0.17734375
1 0.7015625 0.909375 0.153125 0.17734375
1 0.75625 0.55546875 0.153125 0.17734375
1 0.8734375 0.071875 0.2125 0.14375
2 0.56015625 0.3375 0.3609375 0.35
0 0.21640625 0.065625 0.0546875 0.08125