1 0.09609375 0.353125 0.1703125 0.21484375
1 0.51484375 0.10625 0.1703125 0.2125
1 0.72421875 0.19765625 0.1765625 0.23359375
1 0.928125 0.56484375 0.140625 0.225
1 0.76484375 0.5875 0.1546875 0.20390625
1 0.490625 0.44296875 0.16875 0.21875
1 0.49453125 0.62109375 0.1671875 0.25390625
1 0.4078125 0.75546875 0.184375 0.18984375
1 0.53828125 0.88828125 0.1859375 0.21875
1 0.28046875 0.47109375 0.2171875 0.2875
1 0.81875 0.37890625 0.2125 0.24609375
1 0.41640625 0.265625 0.1703125 0.21484375
2 0.77421875 0.853125 0.3359375 0.28984375