2 0.28203125 0.68203125 0.2828125 0.30625
0 0.7484375 0.20859375 0.05625 0.075
0 0.71015625 0.08203125 0.0828125 0.10234375
0 0.284375 0.93359375 0.05625 0.075
1 0.89453125 0.66328125 0.1859375 0.21875
1 0.41796875 0.421875 0.1859375 0.21875
1 0.47734375 0.35546875 0.1859375 0.21875
1 0.57578125 0.38828125 0.1859375 0.21875
1 0.64765625 0.378125 0.1859375 0.21875
1 0.71484375 0.42578125 0.1859375 0.21875
1 0.77421875 0.44296875 0.1859375 0.21875
1 0.88203125 0.39296875 0.1859375 0.21875
1 0.26796875 0.10859375 0.1859375 0.21640625
1 0.43046875 0.10859375 0.1859375 0.21640625
1 0.54765625 0.16328125 0.1859375 0.21875
1 0.07734375 0.5125 0.1546875 0.27109375
1 0.6515625 0.9125 0.1875 0.17109375