1 0.871875 0.4875 0.2046875 0.2265625
1 0.9328125 0.75078125 0.134375 0.2265625
1 0.81015625 0.1109375 0.2078125 0.221875
1 0.69375 0.196875 0.2078125 0.2359375
1 0.640625 0.34921875 0.2203125 0.2796875
1 0.4828125 0.18046875 0.1828125 0.2203125
1 0.34140625 0.325 0.190625 0.2125
1 0.43984375 0.78125 0.228125 0.2578125
1 0.70078125 0.86640625 0.2359375 0.240625
1 0.68203125 0.64609375 0.2015625 0.2203125
1 0.63046875 0.5828125 0.1671875 0.184375
1 0.35390625 0.928125 0.2578125 0.14375
1 0.09765625 0.52890625 0.1953125 0.1953125
1 0.23515625 0.7109375 0.1578125 0.1921875
1 0.16796875 0.75625 0.184375 0.2453125
2 0.125 0.27421875 0.25 0.4234375
0 0.29609375 0.48203125 0.1328125 0.16875
0 0.89296875 0.65546875 0.084375 0.1015625
0 0.85234375 0.853125 0.09375 0.09375