1 0.42109375 0.88671875 0.1796875 0.1859375
1 0.571875 0.84140625 0.1703125 0.2390625
1 0.43203125 0.42421875 0.1453125 0.20625
1 0.16171875 0.5953125 0.1796875 0.2625
1 0.47421875 0.07890625 0.1421875 0.1578125
1 0.58203125 0.0765625 0.1421875 0.153125
1 0.0640625 0.275 0.128125 0.2375
1 0.23984375 0.31640625 0.1953125 0.228125
1 0.8171875 0.89609375 0.1796875 0.184375
1 0.89453125 0.86015625 0.15 0.2015625
2 0.671875 0.58515625 0.203125 0.26875
0 0.05 0.76484375 0.05625 0.0875
0 0.0265625 0.66328125 0.0390625 0.0875
0 0.12265625 0.18515625 0.05625 0.0875