1 0.45078125 0.28125 0.196875 0.2734375
1 0.27421875 0.33046875 0.18125 0.190625
1 0.86015625 0.29453125 0.2171875 0.2421875
1 0.66796875 0.20234375 0.196875 0.2640625
1 0.8296875 0.1234375 0.21875 0.246875
1 0.68515625 0.56953125 0.215625 0.2515625
1 0.11171875 0.471875 0.2234375 0.246875
1 0.2078125 0.17265625 0.221875 0.2265625
1 0.56875 0.62890625 0.2140625 0.28125
1 0.93359375 0.640625 0.1328125 0.23125
1 0.903125 0.4546875 0.19375 0.246875
1 0.79375 0.7421875 0.221875 0.2375
1 0.3828125 0.86796875 0.2015625 0.1859375
1 0.21875 0.87109375 0.209375 0.2578125
1 0.459375 0.07890625 0.190625 0.1578125
1 0.54375 0.90546875 0.184375 0.1890625
1 0.89921875 0.83671875 0.1796875 0.2015625
2 0.359375 0.60625 0.3875 0.4640625
0 0.34453125 0.146875 0.0921875 0.121875
0 0.0859375 0.75703125 0.10625 0.1484375