1 0.48515625 0.7609375 0.2171875 0.259375
1 0.67421875 0.5109375 0.209375 0.2015625
1 0.725 0.87421875 0.1953125 0.2171875
1 0.8734375 0.4953125 0.196875 0.25
1 0.8171875 0.778125 0.1859375 0.2140625
1 0.65625 0.93828125 0.165625 0.1234375
1 0.10703125 0.7765625 0.159375 0.2203125
1 0.41875 0.328125 0.184375 0.21875
1 0.89296875 0.16953125 0.184375 0.21875
1 0.68515625 0.3171875 0.2125 0.2203125
1 0.184375 0.08828125 0.184375 0.1765625
1 0.2640625 0.2640625 0.1890625 0.2109375
1 0.496875 0.10859375 0.190625 0.2171875
1 0.6546875 0.10078125 0.1921875 0.1875
1 0.334375 0.09140625 0.178125 0.1828125
1 0.09140625 0.43359375 0.1828125 0.2078125
2 0.29609375 0.640625 0.3359375 0.4265625