1 0.1984375 0.76953125 0.1625 0.21484375
1 0.29765625 0.65234375 0.1703125 0.22890625
1 0.46015625 0.73046875 0.1828125 0.22734375
1 0.45859375 0.896875 0.1828125 0.20234375
1 0.65546875 0.82421875 0.1859375 0.23125
1 0.80234375 0.484375 0.1859375 0.23125
1 0.61328125 0.584375 0.1984375 0.24765625
1 0.12421875 0.484375 0.1734375 0.21484375
1 0.153125 0.26953125 0.175 0.20625
1 0.19375 0.084375 0.16875 0.16875
1 0.71875 0.29296875 0.14375 0.18984375
1 0.815625 0.27421875 0.14375 0.18984375
1 0.9265625 0.09375 0.14375 0.1875
1 0.77890625 0.08984375 0.1453125 0.17890625
1 0.91484375 0.796875 0.1671875 0.23515625
1 0.76953125 0.72265625 0.1984375 0.25
2 0.42265625 0.21328125 0.4015625 0.38515625