1 0.7859375 0.271875 0.159375 0.21015625
1 0.83828125 0.49609375 0.1921875 0.28359375
1 0.62421875 0.54765625 0.1703125 0.21640625
1 0.11640625 0.33125 0.1609375 0.19609375
1 0.3515625 0.16640625 0.196875 0.20859375
1 0.2 0.71171875 0.14375 0.16484375
1 0.55859375 0.24609375 0.1703125 0.22890625
1 0.16484375 0.225 0.1453125 0.2
1 0.34140625 0.75546875 0.1421875 0.17734375
1 0.37578125 0.42421875 0.1578125 0.16875
1 0.21796875 0.47421875 0.1546875 0.19765625
1 0.3359375 0.49765625 0.146875 0.15859375
2 0.58671875 0.83828125 0.4140625 0.31875