1 0.70703125 0.37890625 0.228125 0.2421875
1 0.49296875 0.68359375 0.234375 0.296875
1 0.77734375 0.56875 0.2203125 0.275
1 0.23671875 0.76796875 0.246875 0.246875
1 0.09296875 0.275 0.1703125 0.3140625
1 0.6734375 0.1578125 0.2453125 0.275
1 0.83828125 0.18125 0.1765625 0.265625
1 0.88203125 0.74375 0.2 0.2828125
1 0.92734375 0.453125 0.1453125 0.25
1 0.95859375 0.17734375 0.0828125 0.1984375
1 0.49296875 0.88671875 0.2234375 0.2265625
0 0.834375 0.41796875 0.0578125 0.071875
0 0.6390625 0.5265625 0.1 0.1109375
2 0.45234375 0.3609375 0.3703125 0.41875