1 0.2890625 0.61484375 0.1953125 0.2453125
1 0.66171875 0.2546875 0.1953125 0.2453125
1 0.70390625 0.72734375 0.1953125 0.2453125
1 0.5625 0.4953125 0.13125 0.2515625
1 0.3265625 0.378125 0.209375 0.253125
1 0.4875 0.86875 0.1828125 0.2359375
1 0.30078125 0.821875 0.2140625 0.2171875
1 0.86171875 0.5796875 0.1953125 0.2453125
1 0.80234375 0.9 0.1703125 0.2
1 0.6265625 0.0828125 0.190625 0.1625
1 0.490625 0.48671875 0.1953125 0.240625
1 0.175 0.80390625 0.2046875 0.215625
2 0.39765625 0.16640625 0.3609375 0.3328125