1 0.38125 0.25 0.14375 0.21640625
1 0.07109375 0.35 0.1421875 0.21640625
1 0.228125 0.12578125 0.209375 0.2515625
1 0.37890625 0.475 0.1515625 0.24140625
1 0.39609375 0.91796875 0.1546875 0.15625
1 0.25390625 0.790625 0.1953125 0.23515625
1 0.80546875 0.384375 0.1546875 0.21015625
1 0.90546875 0.53671875 0.1859375 0.25234375
1 0.66171875 0.52265625 0.1578125 0.2125
1 0.57265625 0.89140625 0.1921875 0.2125
1 0.63046875 0.20859375 0.1765625 0.225
0 0.828125 0.20390625 0.059375 0.08359375
2 0.82890625 0.81875 0.3359375 0.35859375