2 0.1109375 0.54375 0.221875 0.29609375
1 0.27421875 0.64296875 0.1671875 0.25234375
1 0.29375 0.34375 0.125 0.22109375
1 0.3703125 0.35234375 0.125 0.22109375
1 0.35703125 0.20859375 0.1078125 0.17890625
1 0.525 0.671875 0.14375 0.22265625
1 0.58671875 0.91640625 0.1640625 0.1625
1 0.64140625 0.91640625 0.1640625 0.1625
1 0.66015625 0.60078125 0.1515625 0.21015625
1 0.78828125 0.50078125 0.1515625 0.21015625
1 0.55625 0.46796875 0.18125 0.21484375
1 0.790625 0.90078125 0.153125 0.19375
1 0.0578125 0.77578125 0.115625 0.21484375
1 0.0515625 0.2625 0.103125 0.26640625
1 0.56484375 0.08359375 0.2046875 0.16640625
1 0.85546875 0.59921875 0.1515625 0.21015625
1 0.83203125 0.68828125 0.1515625 0.21015625
1 0.81328125 0.80703125 0.1515625 0.21015625
1 0.9453125 0.84296875 0.10625 0.20625
1 0.90859375 0.159375 0.1796875 0.29375
1 0.78203125 0.2 0.1765625 0.25859375
0 0.5734375 0.23515625 0.065625 0.09609375
0 0.6640625 0.225 0.065625 0.09609375
0 0.5015625 0.09375 0.065625 0.09609375
1 0.53125 0.36484375 0.171875 0.22109375