1 0.42578125 0.27265625 0.1859375 0.2125
1 0.58828125 0.21328125 0.1421875 0.19765625
1 0.61015625 0.42421875 0.1421875 0.19765625
1 0.71796875 0.59921875 0.1421875 0.19765625
1 0.334375 0.33359375 0.125 0.16640625
1 0.77578125 0.90625 0.1546875 0.18359375
1 0.48984375 0.90234375 0.1796875 0.19140625
1 0.09765625 0.90234375 0.1796875 0.19140625
1 0.86015625 0.20703125 0.1796875 0.20625
1 0.68828125 0.08203125 0.2078125 0.1640625
1 0.92734375 0.8125 0.1421875 0.2125
1 0.94453125 0.55390625 0.1078125 0.275
1 0.1484375 0.30078125 0.178125 0.25625
1 0.121875 0.70546875 0.178125 0.25625
2 0.275 0.62109375 0.2 0.27890625
0 0.4921875 0.44375 0.06875 0.08359375
0 0.409375 0.57734375 0.06875 0.08359375
1 0.80078125 0.578125 0.1015625 0.17734375