2 0.490625 0.4203125 0.1796875 0.24375
0 0.65390625 0.48359375 0.05625 0.0625
0 0.5671875 0.5796875 0.05625 0.0625
0 0.95234375 0.6421875 0.0484375 0.0734375
1 0.859375 0.36875 0.2234375 0.2796875
1 0.921875 0.12109375 0.15625 0.1953125
1 0.93515625 0.1734375 0.1296875 0.196875
1 0.76328125 0.16328125 0.19375 0.203125
1 0.62890625 0.10234375 0.1921875 0.2015625
1 0.31640625 0.65859375 0.1828125 0.2203125
1 0.2546875 0.8765625 0.1546875 0.21875
1 0.48359375 0.89140625 0.1546875 0.2171875
1 0.31171875 0.45625 0.1734375 0.2171875
1 0.21328125 0.1671875 0.140625 0.19375
1 0.09921875 0.08671875 0.1515625 0.1734375
1 0.45546875 0.665625 0.178125 0.2328125
1 0.54140625 0.73359375 0.178125 0.2328125
1 0.68046875 0.77890625 0.184375 0.221875
1 0.48515625 0.19765625 0.1625 0.2
1 0.36484375 0.2390625 0.1625 0.2
1 0.26328125 0.03984375 0.1734375 0.0796875