1 0.14296875 0.2734375 0.19375 0.3
1 0.61171875 0.08125 0.2015625 0.1625
1 0.39296875 0.1234375 0.2140625 0.240625
1 0.83125 0.325 0.2140625 0.240625
1 0.39453125 0.7234375 0.2140625 0.240625
1 0.2953125 0.9125 0.209375 0.175
1 0.6171875 0.834375 0.2015625 0.259375
1 0.1828125 0.703125 0.1890625 0.203125
1 0.31015625 0.2953125 0.1984375 0.246875
1 0.27421875 0.509375 0.25625 0.2890625
1 0.865625 0.8640625 0.1921875 0.1953125
1 0.9265625 0.4671875 0.146875 0.234375
2 0.5609375 0.50390625 0.390625 0.475
0 0.08125 0.1234375 0.0703125 0.0859375