2 0.3859375 0.73046875 0.25625 0.3078125
1 0.33515625 0.43828125 0.1828125 0.26875
1 0.10390625 0.159375 0.1796875 0.26875
1 0.23359375 0.31015625 0.1828125 0.2453125
1 0.1484375 0.43984375 0.18125 0.2453125
1 0.20390625 0.58203125 0.1828125 0.2453125
1 0.12109375 0.63046875 0.18125 0.2453125
1 0.071875 0.78828125 0.14375 0.2171875
1 0.50625 0.91484375 0.171875 0.1703125
1 0.6578125 0.778125 0.1796875 0.2203125
1 0.753125 0.77734375 0.1375 0.23125
1 0.8203125 0.73203125 0.2 0.28125
1 0.93203125 0.64921875 0.1296875 0.2359375
1 0.90546875 0.91640625 0.1390625 0.1671875
1 0.8796875 0.3171875 0.1734375 0.19375
1 0.7203125 0.31484375 0.265625 0.275
1 0.58359375 0.0953125 0.1734375 0.190625
1 0.46640625 0.39140625 0.1734375 0.19375
1 0.5671875 0.5859375 0.1734375 0.19375
0 0.23828125 0.72890625 0.0625 0.096875
0 0.1765625 0.75625 0.0625 0.096875
0 0.265625 0.88984375 0.0625 0.096875
1 0.24921875 0.07265625 0.1953125 0.1453125