2 0.3453125 0.659375 0.2875 0.3359375
1 0.20234375 0.47265625 0.2078125 0.240625
1 0.51953125 0.37421875 0.1875 0.275
1 0.459375 0.371875 0.1546875 0.265625
1 0.40078125 0.33203125 0.1546875 0.265625
1 0.3546875 0.303125 0.1546875 0.265625
1 0.309375 0.30390625 0.1546875 0.265625
1 0.7578125 0.38828125 0.2078125 0.240625
1 0.684375 0.428125 0.2078125 0.240625
1 0.7640625 0.209375 0.2078125 0.240625
1 0.88359375 0.12578125 0.140625 0.2296875
1 0.95 0.62734375 0.1 0.2171875
1 0.9328125 0.73984375 0.134375 0.2328125
1 0.6765625 0.70234375 0.2203125 0.2609375
1 0.63046875 0.88828125 0.215625 0.21875
1 0.55703125 0.11484375 0.2203125 0.2296875
1 0.2859375 0.13125 0.203125 0.21875
1 0.24921875 0.8859375 0.1890625 0.228125
1 0.4609375 0.91015625 0.178125 0.1796875