1 0.1625 0.225 0.1875 0.209375
1 0.41171875 0.23359375 0.2109375 0.2375
1 0.64921875 0.23671875 0.2015625 0.209375
1 0.83046875 0.17109375 0.1859375 0.2828125
1 0.1453125 0.53046875 0.2421875 0.303125
1 0.44765625 0.43984375 0.2109375 0.2375
1 0.5578125 0.41875 0.190625 0.2328125
1 0.56484375 0.7578125 0.2109375 0.2375
1 0.45234375 0.6578125 0.228125 0.2484375
1 0.32890625 0.59375 0.228125 0.2484375
1 0.20078125 0.8171875 0.228125 0.2484375
1 0.7234375 0.39375 0.1953125 0.221875
1 0.79453125 0.39609375 0.1953125 0.221875
1 0.78046875 0.59609375 0.228125 0.2375
1 0.7078125 0.8203125 0.228125 0.2375
1 0.53125 0.1 0.26875 0.2
1 0.34609375 0.790625 0.1875 0.209375
1 0.39375 0.8875 0.1875 0.209375
2 0.865625 0.80234375 0.26875 0.2734375