1 0.675 0.209375 0.1734375 0.24375
1 0.81953125 0.46171875 0.1734375 0.24375
1 0.77734375 0.709375 0.2078125 0.2375
1 0.88984375 0.88671875 0.1796875 0.215625
1 0.6859375 0.8890625 0.18125 0.221875
1 0.9375 0.3421875 0.125 0.23125
1 0.83203125 0.11328125 0.1578125 0.1921875
1 0.4671875 0.82578125 0.1328125 0.2359375
1 0.39609375 0.81953125 0.2 0.203125
1 0.2078125 0.81171875 0.1796875 0.2390625
1 0.66171875 0.3921875 0.153125 0.18125
1 0.3875 0.1421875 0.16875 0.2046875
1 0.140625 0.48828125 0.16875 0.2046875
1 0.26640625 0.11640625 0.1671875 0.2328125
1 0.14140625 0.2875 0.1921875 0.2515625
2 0.36953125 0.525 0.415625 0.5234375