1 0.80234375 0.5125 0.1765625 0.20390625
1 0.71953125 0.6 0.1765625 0.20390625
1 0.65703125 0.18359375 0.1765625 0.20390625
1 0.890625 0.271875 0.184375 0.23515625
1 0.809375 0.25390625 0.159375 0.21640625
1 0.36015625 0.45234375 0.1765625 0.20390625
1 0.52109375 0.84609375 0.1765625 0.20390625
1 0.91015625 0.7375 0.1765625 0.20390625
1 0.44453125 0.16484375 0.1765625 0.20390625
1 0.12265625 0.19140625 0.1765625 0.20390625
1 0.11953125 0.74609375 0.1765625 0.20390625
1 0.27578125 0.68359375 0.1765625 0.20390625
1 0.15703125 0.89609375 0.1296875 0.20390625
1 0.1890625 0.40234375 0.225 0.25
1 0.696875 0.91953125 0.15 0.15625
2 0.3109375 0.89140625 0.18125 0.2125
0 0.58828125 0.20625 0.0546875 0.0625