1 0.88984375 0.37421875 0.16875 0.2203125
1 0.5828125 0.3234375 0.16875 0.2203125
1 0.41015625 0.6234375 0.20625 0.23125
1 0.51796875 0.77734375 0.1890625 0.225
1 0.690625 0.896875 0.20625 0.1921875
1 0.6265625 0.56796875 0.1859375 0.221875
1 0.21484375 0.13046875 0.1859375 0.2234375
1 0.171875 0.5171875 0.1859375 0.2234375
1 0.20546875 0.909375 0.1515625 0.18125
1 0.128125 0.6953125 0.1515625 0.1828125
1 0.884375 0.17578125 0.1984375 0.2609375
1 0.7171875 0.2390625 0.1953125 0.21875
2 0.34453125 0.34375 0.2421875 0.278125
0 0.471875 0.25859375 0.065625 0.0703125
0 0.29453125 0.5703125 0.0625 0.0796875