1 0.6375 0.328125 0.15625 0.23984375
1 0.70390625 0.86015625 0.1796875 0.20390625
1 0.75625 0.47734375 0.1875 0.24140625
1 0.80625 0.6875 0.18125 0.17109375
1 0.16328125 0.90390625 0.1515625 0.1875
1 0.075 0.584375 0.15 0.20234375
1 0.075 0.36328125 0.15 0.20234375
1 0.51875 0.15859375 0.19375 0.23359375
1 0.37109375 0.34140625 0.1671875 0.22890625
1 0.21640625 0.29609375 0.1671875 0.22890625
1 0.25703125 0.18125 0.1671875 0.22890625
1 0.9390625 0.46484375 0.11875 0.20859375
1 0.22734375 0.53984375 0.1484375 0.2
2 0.4515625 0.590625 0.346875 0.46015625