2 0.54375 0.53515625 0.34375 0.453125
1 0.30703125 0.24609375 0.1734375 0.225
1 0.23984375 0.13203125 0.1734375 0.225
1 0.0734375 0.21015625 0.140625 0.225
1 0.2265625 0.44609375 0.2109375 0.221875
1 0.26328125 0.6640625 0.2109375 0.221875
1 0.82265625 0.68125 0.2109375 0.221875
1 0.90546875 0.71328125 0.18125 0.1984375
1 0.91171875 0.465625 0.1765625 0.240625
1 0.81484375 0.2390625 0.178125 0.240625
1 0.61953125 0.23125 0.2 0.240625
1 0.49921875 0.2125 0.2 0.240625
1 0.5140625 0.09375 0.1953125 0.1875
1 0.10078125 0.66875 0.1765625 0.2125
1 0.91015625 0.91484375 0.1609375 0.1703125
0 0.69453125 0.94140625 0.071875 0.0828125
0 0.79140625 0.87109375 0.071875 0.0828125
0 0.1078125 0.525 0.071875 0.0828125