2 0.70859375 0.55546875 0.325 0.409375
0 0.84609375 0.66328125 0.0703125 0.0734375
0 0.66171875 0.01640625 0.0703125 0.0328125
0 0.3484375 0.46796875 0.0703125 0.0734375
1 0.871875 0.37421875 0.2046875 0.2171875
1 0.903125 0.43828125 0.19375 0.2171875
1 0.45234375 0.39609375 0.1890625 0.2140625
1 0.35390625 0.2828125 0.1890625 0.2140625
1 0.4265625 0.159375 0.2140625 0.2421875
1 0.165625 0.278125 0.246875 0.246875
1 0.17265625 0.471875 0.20625 0.2734375
1 0.1296875 0.9 0.165625 0.2
1 0.32734375 0.896875 0.2390625 0.20625
1 0.54765625 0.89609375 0.2109375 0.2078125
1 0.35078125 0.64609375 0.19375 0.23125
1 0.853125 0.12578125 0.175 0.2515625