1 0.45234375 0.35859375 0.2484375 0.271875
1 0.215625 0.4484375 0.2 0.2359375
1 0.1859375 0.0609375 0.19375 0.121875
1 0.20234375 0.22265625 0.2375 0.24375
1 0.48671875 0.62578125 0.1890625 0.209375
1 0.41328125 0.73828125 0.2140625 0.265625
1 0.3625 0.84375 0.2140625 0.265625
1 0.68046875 0.60390625 0.221875 0.2171875
1 0.73515625 0.95 0.2078125 0.1
1 0.71015625 0.809375 0.2734375 0.29375
1 0.51484375 0.8859375 0.2140625 0.228125
1 0.93125 0.2078125 0.1375 0.240625
1 0.2359375 0.76171875 0.209375 0.2515625
1 0.64609375 0.15546875 0.209375 0.2515625
1 0.10078125 0.57890625 0.2015625 0.2515625
0 0.5140625 0.1375 0.0859375 0.1109375
0 0.11171875 0.09765625 0.075 0.109375
2 0.7640625 0.36640625 0.3859375 0.4140625