2 0.46171875 0.42109375 0.2796875 0.3359375
1 0.35078125 0.646875 0.19375 0.225
1 0.15703125 0.2671875 0.225 0.24375
1 0.0875 0.696875 0.1546875 0.2375
1 0.1953125 0.78203125 0.225 0.2421875
1 0.2578125 0.90234375 0.225 0.1953125
1 0.66015625 0.87890625 0.146875 0.209375
1 0.60859375 0.72265625 0.2328125 0.234375
1 0.49609375 0.7296875 0.2453125 0.2765625
1 0.346875 0.1296875 0.225 0.2421875
1 0.5765625 0.25625 0.178125 0.2125
1 0.67109375 0.42265625 0.178125 0.2125
1 0.68046875 0.0609375 0.1796875 0.121875
1 0.84453125 0.83046875 0.23125 0.2453125
0 0.52265625 0.13828125 0.0828125 0.09375
0 0.346875 0.28046875 0.0828125 0.09375
1 0.86015625 0.20390625 0.1828125 0.253125
1 0.94765625 0.5234375 0.1046875 0.234375
1 0.9203125 0.659375 0.159375 0.246875