1 0.56328125 0.69140625 0.171875 0.203125
1 0.4578125 0.2109375 0.2078125 0.2625
1 0.2765625 0.7328125 0.228125 0.28125
1 0.165625 0.8515625 0.1421875 0.1640625
1 0.4609375 0.8578125 0.1921875 0.2453125
1 0.73125 0.73984375 0.165625 0.2109375
1 0.921875 0.30703125 0.15625 0.2421875
1 0.9296875 0.5171875 0.140625 0.221875
1 0.8015625 0.46953125 0.171875 0.215625
1 0.88984375 0.73671875 0.1828125 0.2171875
1 0.8609375 0.10859375 0.171875 0.1421875
1 0.80703125 0.28046875 0.1859375 0.2234375
1 0.0828125 0.49375 0.165625 0.259375
1 0.52109375 0.5765625 0.1875 0.2359375
2 0.21796875 0.35546875 0.4109375 0.490625
0 0.384375 0.69765625 0.0734375 0.0859375