1 0.625 0.49296875 0.171875 0.17265625
1 0.4640625 0.63828125 0.171875 0.17265625
1 0.453125 0.46015625 0.1625 0.2
1 0.4421875 0.090625 0.1625 0.18125
1 0.24453125 0.109375 0.1671875 0.21875
1 0.55625 0.22890625 0.18125 0.2125
1 0.8671875 0.159375 0.178125 0.20625
1 0.090625 0.69609375 0.1625 0.2
1 0.4078125 0.8625 0.1625 0.2
1 0.85 0.30234375 0.1625 0.2
1 0.7453125 0.06875 0.10625 0.1375
1 0.08359375 0.91953125 0.1265625 0.15625
1 0.2984375 0.66484375 0.134375 0.17109375
1 0.2703125 0.87421875 0.115625 0.16015625
2 0.5859375 0.83984375 0.234375 0.24140625
0 0.59140625 0.66953125 0.0671875 0.09375
0 0.42109375 0.22578125 0.0671875 0.09375