1 0.55625 0.15625 0.184375 0.225
1 0.6078125 0.75625 0.184375 0.225
1 0.475 0.39453125 0.13125 0.16875
1 0.39296875 0.10859375 0.1515625 0.21640625
1 0.08046875 0.275 0.1296875 0.18359375
1 0.22890625 0.52265625 0.1296875 0.18359375
1 0.07890625 0.75234375 0.1296875 0.18359375
1 0.88671875 0.34765625 0.1296875 0.18359375
1 0.91015625 0.65546875 0.1734375 0.23125
1 0.7640625 0.88125 0.19375 0.23359375
1 0.1375 0.396875 0.140625 0.17734375
1 0.23125 0.16640625 0.146875 0.17109375
0 0.575 0.465625 0.06875 0.07734375
2 0.3625 0.74453125 0.2375 0.31875