1 0.63515625 0.28984375 0.2109375 0.23125
1 0.84609375 0.6796875 0.25 0.2671875
1 0.625 0.8078125 0.2078125 0.28125
1 0.0984375 0.50703125 0.196875 0.2734375
1 0.19140625 0.53671875 0.2328125 0.3
1 0.403125 0.76640625 0.2171875 0.2765625
1 0.2484375 0.24609375 0.2375 0.2703125
1 0.396875 0.2515625 0.225 0.2265625
1 0.09921875 0.2046875 0.1984375 0.265625
1 0.58359375 0.09765625 0.2234375 0.1953125
1 0.9375 0.80390625 0.125 0.2109375
1 0.19921875 0.875 0.2359375 0.25
1 0.834375 0.284375 0.19375 0.2359375
1 0.93203125 0.47421875 0.1359375 0.2546875
1 0.78671875 0.4828125 0.2890625 0.2859375
2 0.49609375 0.51953125 0.4921875 0.515625
0 0.4515625 0.128125 0.08125 0.1046875
0 0.30625 0.834375 0.10625 0.11875