1 0.203125 0.775 0.165625 0.2171875
1 0.3 0.65546875 0.175 0.23125
1 0.4640625 0.73125 0.1875 0.23125
1 0.46484375 0.896875 0.1859375 0.20625
1 0.6609375 0.82109375 0.190625 0.234375
1 0.80234375 0.47890625 0.190625 0.234375
1 0.61484375 0.58203125 0.203125 0.2515625
1 0.12421875 0.490625 0.1765625 0.2171875
1 0.14921875 0.27578125 0.178125 0.209375
1 0.18671875 0.08984375 0.171875 0.171875
1 0.71484375 0.2890625 0.146875 0.1921875
1 0.81171875 0.26875 0.146875 0.1921875
1 0.91875 0.090625 0.146875 0.18125
1 0.77109375 0.0875 0.1484375 0.175
1 0.9171875 0.7890625 0.165625 0.2375
1 0.7734375 0.71796875 0.203125 0.253125
2 0.41796875 0.21484375 0.4078125 0.3921875