2 0.215625 0.58125 0.3625 0.59609375
1 0.7921875 0.77578125 0.209375 0.20625
1 0.6546875 0.48828125 0.15 0.18125
1 0.55 0.53203125 0.15 0.18125
1 0.428125 0.75546875 0.153125 0.31484375
1 0.56171875 0.76015625 0.1484375 0.2
1 0.51328125 0.89765625 0.1484375 0.2
1 0.78984375 0.31328125 0.1890625 0.22734375
1 0.78046875 0.09921875 0.1890625 0.19765625
1 0.42421875 0.315625 0.1828125 0.18984375
1 0.57109375 0.30625 0.2140625 0.2625
1 0.1078125 0.28203125 0.196875 0.25234375
1 0.0890625 0.096875 0.178125 0.19375
1 0.5296875 0.06640625 0.16875 0.1328125
1 0.34453125 0.14375 0.2109375 0.2375
0 0.73671875 0.89765625 0.0640625 0.07109375
1 0.821875 0.41171875 0.15 0.18125
1 0.284375 0.90703125 0.15 0.18125