1 0.6109375 0.14765625 0.16875 0.2015625
1 0.446875 0.08671875 0.159375 0.1734375
1 0.86875 0.6578125 0.16875 0.228125
1 0.703125 0.87890625 0.16875 0.228125
1 0.5375 0.7109375 0.1875 0.228125
1 0.58125 0.53046875 0.15 0.2296875
1 0.49609375 0.35859375 0.15 0.2296875
1 0.56015625 0.31796875 0.1140625 0.1640625
1 0.04375 0.81796875 0.0875 0.2203125
1 0.1296875 0.66171875 0.1875 0.228125
1 0.3984375 0.775 0.1609375 0.2234375
1 0.48984375 0.91953125 0.1609375 0.1609375
1 0.24921875 0.7859375 0.190625 0.209375
1 0.84765625 0.1421875 0.16875 0.228125
1 0.07109375 0.09609375 0.1203125 0.1921875
2 0.2796875 0.46171875 0.3328125 0.4328125
0 0.04609375 0.28359375 0.0546875 0.0625