1 0.88515625 0.6390625 0.1765625 0.225
1 0.5765625 0.6796875 0.1765625 0.225
1 0.41484375 0.3734375 0.2125 0.2375
1 0.52734375 0.2234375 0.196875 0.2296875
1 0.7046875 0.11015625 0.2125 0.1984375
1 0.62890625 0.43671875 0.1921875 0.228125
1 0.20234375 0.859375 0.19375 0.2296875
1 0.17265625 0.471875 0.19375 0.2296875
1 0.22109375 0.0859375 0.1578125 0.171875
1 0.13515625 0.29140625 0.1578125 0.1859375
1 0.87265625 0.8375 0.20625 0.265625
1 0.7078125 0.76875 0.2015625 0.2234375
2 0.3390625 0.65078125 0.25 0.284375
0 0.46328125 0.740625 0.06875 0.071875
0 0.296875 0.42265625 0.065625 0.08125