1 0.06875 0.6625 0.1375 0.24609375
1 0.196875 0.34609375 0.171875 0.25859375
1 0.59921875 0.553125 0.1390625 0.21484375
1 0.409375 0.59921875 0.178125 0.17265625
1 0.5421875 0.75078125 0.190625 0.21015625
1 0.3546875 0.828125 0.190625 0.21015625
1 0.621875 0.11171875 0.15 0.20234375
1 0.7296875 0.265625 0.2 0.17734375
1 0.7890625 0.8875 0.175 0.22109375
1 0.77734375 0.64453125 0.1984375 0.21484375
1 0.12734375 0.890625 0.1859375 0.21484375
1 0.3234375 0.11953125 0.15 0.20234375
1 0.86875 0.40546875 0.15 0.20234375
1 0.81484375 0.07890625 0.1515625 0.1578125
2 0.45234375 0.31953125 0.3234375 0.46015625