1 0.9109375 0.671875 0.178125 0.303125
1 0.53125 0.871875 0.234375 0.25625
1 0.17265625 0.71796875 0.2421875 0.2796875
1 0.15390625 0.5125 0.246875 0.2640625
1 0.04140625 0.3078125 0.0828125 0.284375
1 0.12109375 0.278125 0.203125 0.2703125
1 0.26640625 0.15859375 0.246875 0.2625
1 0.31015625 0.35625 0.2265625 0.234375
1 0.509375 0.2609375 0.2265625 0.234375
1 0.3484375 0.56953125 0.1984375 0.2375
1 0.309375 0.934375 0.196875 0.13125
1 0.73125 0.87578125 0.190625 0.1859375
1 0.7421875 0.70078125 0.21875 0.234375
1 0.8453125 0.2421875 0.253125 0.275
2 0.53046875 0.56328125 0.440625 0.54375