2 0.5546875 0.38515625 0.309375 0.3765625
1 0.40625 0.8515625 0.2640625 0.2609375
1 0.565625 0.6484375 0.221875 0.275
1 0.7953125 0.7609375 0.221875 0.275
1 0.75234375 0.6171875 0.221875 0.275
1 0.74609375 0.46171875 0.221875 0.275
1 0.8421875 0.43359375 0.1890625 0.2359375
1 0.859375 0.321875 0.1890625 0.2359375
1 0.84140625 0.21484375 0.1890625 0.2359375
1 0.92421875 0.32421875 0.1515625 0.2359375
1 0.04375 0.775 0.0875 0.259375
1 0.14921875 0.83203125 0.2265625 0.2546875
1 0.70078125 0.89453125 0.2484375 0.2109375
0 0.57265625 0.9453125 0.0890625 0.109375
0 0.43203125 0.07578125 0.0765625 0.08125
1 0.35546875 0.634375 0.190625 0.25
1 0.10703125 0.50625 0.190625 0.25
1 0.2140625 0.05078125 0.1625 0.1015625
1 0.3390625 0.06171875 0.1625 0.1234375
1 0.1453125 0.084375 0.18125 0.16875