1 0.84765625 0.89140625 0.1765625 0.1953125
1 0.6234375 0.46328125 0.1765625 0.2453125
1 0.8234375 0.1328125 0.1390625 0.23125
1 0.92890625 0.7046875 0.1390625 0.23125
1 0.66875 0.140625 0.1765625 0.2453125
1 0.6375 0.89609375 0.171875 0.203125
1 0.19140625 0.73359375 0.20625 0.24375
1 0.49609375 0.83828125 0.1859375 0.215625
1 0.1015625 0.4984375 0.1984375 0.2171875
1 0.7140625 0.52578125 0.1796875 0.25625
1 0.70625 0.3375 0.159375 0.2203125
2 0.171875 0.16875 0.34375 0.31875
0 0.83203125 0.56875 0.075 0.0875