1 0.771875 0.184375 0.15625 0.20234375
1 0.8125 0.53671875 0.15625 0.20234375
1 0.07734375 0.1 0.1546875 0.2
1 0.08125 0.36953125 0.15625 0.20234375
1 0.175 0.65546875 0.15625 0.20234375
1 0.61875 0.77578125 0.178125 0.20625
1 0.90703125 0.57265625 0.1734375 0.26640625
1 0.4796875 0.62109375 0.1625 0.175
1 0.60234375 0.35625 0.1578125 0.1875
1 0.62890625 0.903125 0.1578125 0.18984375
0 0.325 0.93203125 0.06875 0.08984375
0 0.88046875 0.834375 0.0546875 0.06484375
0 0.14921875 0.51640625 0.0609375 0.07890625
0 0.18671875 0.1375 0.0703125 0.075
0 0.4328125 0.02578125 0.059375 0.0515625
2 0.32734375 0.321875 0.3703125 0.46015625