1 0.18203125 0.76953125 0.1859375 0.225
1 0.196875 0.41484375 0.1859375 0.225
1 0.8546875 0.925 0.184375 0.15
1 0.89296875 0.69453125 0.1859375 0.225
1 0.8453125 0.39765625 0.1859375 0.225
1 0.42578125 0.209375 0.2078125 0.23125
1 0.109375 0.36484375 0.2125 0.290625
1 0.5390625 0.38359375 0.1875 0.1984375
1 0.3765625 0.62578125 0.1859375 0.209375
1 0.43515625 0.09375 0.1859375 0.1875
0 0.740625 0.10078125 0.08125 0.1
0 0.1765625 0.11015625 0.0640625 0.071875
0 0.84921875 0.53828125 0.071875 0.0875
0 0.75234375 0.90703125 0.08125 0.084375
0 0.49140625 0.97421875 0.0671875 0.0515625
2 0.64296875 0.703125 0.4375 0.5125