2 0.30234375 0.5875 0.2703125 0.37109375
0 0.18359375 0.715625 0.0609375 0.06484375
0 0.26171875 0.03046875 0.0609375 0.06015625
0 0.64453125 0.44453125 0.0609375 0.06484375
1 0.11328125 0.43359375 0.1765625 0.19140625
1 0.0875 0.50390625 0.175 0.19140625
1 0.53046875 0.38984375 0.1609375 0.19140625
1 0.61015625 0.2625 0.1609375 0.19140625
1 0.51953125 0.15234375 0.1828125 0.21640625
1 0.7953125 0.22890625 0.215625 0.21640625
1 0.81875 0.42109375 0.16875 0.25
1 0.9328125 0.871875 0.128125 0.25234375
1 0.7359375 0.8875 0.20625 0.22109375
1 0.51484375 0.903125 0.1828125 0.18984375
1 0.6703125 0.62109375 0.1625 0.20859375
1 0.08828125 0.16328125 0.1328125 0.28125