1 0.88203125 0.384375 0.1765625 0.225
1 0.8859375 0.2484375 0.19375 0.2359375
1 0.65703125 0.2265625 0.19375 0.2359375
1 0.6140625 0.384375 0.19375 0.2359375
1 0.70546875 0.41484375 0.1578125 0.2015625
1 0.27421875 0.47734375 0.184375 0.2125
1 0.1109375 0.49296875 0.221875 0.2171875
1 0.61796875 0.72421875 0.184375 0.2265625
1 0.89921875 0.70703125 0.1828125 0.259375
1 0.81484375 0.8984375 0.2296875 0.203125
1 0.075 0.68046875 0.15 0.2609375
1 0.19765625 0.08203125 0.2234375 0.1640625
1 0.41171875 0.22890625 0.19375 0.2609375
2 0.3359375 0.75078125 0.496875 0.4984375