1 0.16171875 0.15859375 0.19375 0.225
1 0.078125 0.36640625 0.15625 0.2921875
1 0.5421875 0.64140625 0.24375 0.2734375
1 0.7140625 0.41875 0.20625 0.2546875
1 0.40078125 0.24296875 0.2078125 0.271875
1 0.88828125 0.59375 0.2234375 0.265625
1 0.4765625 0.90625 0.2 0.1875
1 0.17578125 0.65625 0.2484375 0.2453125
1 0.171875 0.48203125 0.253125 0.3078125
1 0.58359375 0.26171875 0.2390625 0.2484375
1 0.26953125 0.87890625 0.225 0.196875
0 0.446875 0.0609375 0.0796875 0.1046875
0 0.378125 0.8109375 0.0765625 0.096875
2 0.66484375 0.846875 0.3109375 0.30625