1 0.7140625 0.421875 0.159375 0.21875
1 0.4828125 0.39296875 0.159375 0.21875
1 0.4421875 0.17421875 0.159375 0.21875
1 0.61640625 0.25078125 0.1484375 0.203125
1 0.74921875 0.13828125 0.1484375 0.203125
1 0.69609375 0.628125 0.1484375 0.203125
1 0.58984375 0.80625 0.1703125 0.2
1 0.53515625 0.59765625 0.1703125 0.2
1 0.12578125 0.66171875 0.1703125 0.240625
1 0.12265625 0.14453125 0.1703125 0.240625
1 0.25625 0.296875 0.2125 0.228125
1 0.84765625 0.71953125 0.1703125 0.240625
1 0.88046875 0.50546875 0.1703125 0.240625
2 0.33671875 0.865625 0.3484375 0.26875