1 0.24921875 0.83515625 0.1421875 0.18359375
1 0.0609375 0.74375 0.121875 0.17890625
1 0.6921875 0.746875 0.13125 0.22734375
1 0.66640625 0.19140625 0.1234375 0.20859375
1 0.9390625 0.07890625 0.11875 0.1578125
1 0.4625 0.89609375 0.153125 0.20390625
1 0.57578125 0.92578125 0.1015625 0.14375
1 0.296875 0.44140625 0.159375 0.175
1 0.15625 0.48515625 0.159375 0.175
1 0.6375 0.41171875 0.165625 0.21015625
1 0.5484375 0.37734375 0.16875 0.225
1 0.915625 0.609375 0.165625 0.21015625
0 0.140625 0.13515625 0.065625 0.11640625
0 0.6078125 0.06875 0.090625 0.09140625
2 0.31640625 0.14921875 0.3234375 0.29765625