1 0.85 0.17109375 0.1875 0.221875
1 0.92578125 0.38125 0.1484375 0.290625
1 0.453125 0.63984375 0.2359375 0.26875
1 0.28828125 0.41171875 0.2 0.2515625
1 0.60859375 0.246875 0.2 0.26875
1 0.10859375 0.58046875 0.2171875 0.2609375
1 0.50859375 0.9078125 0.1953125 0.184375
1 0.81796875 0.6671875 0.2421875 0.2390625
1 0.828125 0.49375 0.2453125 0.303125
1 0.42421875 0.259375 0.2328125 0.24375
1 0.7171875 0.88671875 0.2203125 0.1921875
0 0.56875 0.06328125 0.078125 0.103125
0 0.6109375 0.81484375 0.075 0.0953125
2 0.32109375 0.8453125 0.3015625 0.309375