1 0.82890625 0.6421875 0.1859375 0.2515625
1 0.61953125 0.34296875 0.2390625 0.2640625
1 0.1359375 0.41796875 0.1875 0.240625
1 0.2515625 0.4984375 0.2109375 0.25
1 0.44453125 0.10546875 0.2359375 0.2109375
1 0.61015625 0.09296875 0.2234375 0.1859375
1 0.79921875 0.1375 0.1734375 0.178125
1 0.92734375 0.15390625 0.1453125 0.1421875
1 0.684375 0.78359375 0.1859375 0.203125
1 0.48515625 0.91015625 0.2078125 0.1796875
1 0.6515625 0.94453125 0.190625 0.1109375
1 0.2671875 0.8828125 0.190625 0.178125
1 0.25234375 0.09921875 0.1734375 0.1984375
1 0.37890625 0.27421875 0.1890625 0.221875
1 0.13203125 0.64140625 0.2046875 0.2359375
2 0.49765625 0.64453125 0.36875 0.45
0 0.928125 0.46171875 0.1375 0.153125