1 0.578125 0.9 0.13125 0.19609375
1 0.2703125 0.8375 0.153125 0.2
1 0.07578125 0.7875 0.1515625 0.2
1 0.196875 0.65234375 0.153125 0.2
1 0.1140625 0.084375 0.15625 0.16875
1 0.33359375 0.10703125 0.1796875 0.2140625
1 0.515625 0.1125 0.15 0.225
1 0.8953125 0.06328125 0.159375 0.1265625
1 0.89921875 0.31484375 0.1640625 0.21640625
1 0.91640625 0.86484375 0.1640625 0.21640625
1 0.63984375 0.68203125 0.1921875 0.23125
1 0.55546875 0.49921875 0.1921875 0.23125
1 0.1328125 0.41953125 0.16875 0.18984375
1 0.39296875 0.61015625 0.1890625 0.22890625
2 0.6734375 0.275 0.33125 0.40390625