1 0.7203125 0.4515625 0.2171875 0.21875
1 0.55859375 0.6453125 0.2171875 0.21875
1 0.33828125 0.8890625 0.2171875 0.21875
1 0.17109375 0.7390625 0.2171875 0.21875
1 0.134375 0.3515625 0.2171875 0.21875
1 0.2671875 0.1984375 0.178125 0.2015625
1 0.66875 0.16171875 0.20625 0.21875
1 0.48828125 0.76640625 0.2109375 0.2515625
1 0.25703125 0.52421875 0.2109375 0.2515625
1 0.48515625 0.2203125 0.190625 0.2421875
1 0.08515625 0.15078125 0.1703125 0.1921875
1 0.928125 0.85859375 0.14375 0.1609375
2 0.4171875 0.50234375 0.228125 0.2890625