1 0.5234375 0.4125 0.1875 0.2171875
1 0.7046875 0.16875 0.1875 0.2171875
1 0.16953125 0.39453125 0.15625 0.1640625
1 0.0796875 0.640625 0.159375 0.2375
1 0.73515625 0.8765625 0.190625 0.18125
1 0.9296875 0.31875 0.140625 0.2625
1 0.3484375 0.4125 0.2203125 0.2671875
1 0.43046875 0.65078125 0.1921875 0.2375
1 0.11796875 0.04609375 0.1234375 0.0921875
1 0.2828125 0.8765625 0.171875 0.1921875
1 0.87265625 0.8171875 0.165625 0.196875
2 0.7546875 0.62109375 0.3140625 0.3578125
2 0.51640625 0.928125 0.05625 0.0625