1 0.88046875 0.45234375 0.1453125 0.20859375
1 0.76171875 0.29453125 0.1953125 0.23125
1 0.86796875 0.73671875 0.1703125 0.23515625
1 0.48359375 0.625 0.1890625 0.23359375
1 0.1765625 0.33046875 0.175 0.23125
1 0.6875 0.65 0.196875 0.22890625
1 0.4265625 0.35546875 0.14375 0.18984375
1 0.334375 0.25703125 0.14375 0.18984375
1 0.07265625 0.08515625 0.1421875 0.1703125
1 0.10546875 0.5625 0.1640625 0.175
1 0.09375 0.65390625 0.16875 0.21640625
1 0.62734375 0.428125 0.1671875 0.33125
1 0.78046875 0.07890625 0.1953125 0.1578125
1 0.41796875 0.228125 0.1296875 0.16484375
0 0.67734375 0.86171875 0.0671875 0.07734375
0 0.55390625 0.475 0.0671875 0.07890625
0 0.30546875 0.4 0.0515625 0.1
0 0.1546875 0.06640625 0.06875 0.075
2 0.2984375 0.803125 0.35625 0.38984375