1 0.1171875 0.78125 0.178125 0.26640625
1 0.56875 0.878125 0.178125 0.23984375
1 0.87265625 0.62578125 0.1859375 0.23984375
1 0.8375 0.42265625 0.196875 0.22109375
1 0.93984375 0.18359375 0.1171875 0.2625
1 0.80859375 0.1875 0.1453125 0.24140625
1 0.6375 0.109375 0.196875 0.21875
1 0.64609375 0.31171875 0.1828125 0.19375
1 0.42890625 0.271875 0.1828125 0.19375
1 0.6640625 0.528125 0.15 0.20625
1 0.80625 0.909375 0.15625 0.17734375
1 0.37421875 0.92265625 0.1578125 0.15
1 0.31796875 0.75625 0.1734375 0.19609375
1 0.1 0.340625 0.2 0.23125
2 0.48671875 0.56875 0.3296875 0.475