1 0.08203125 0.75625 0.1640625 0.24609375
1 0.384375 0.24296875 0.15625 0.18984375
1 0.53125 0.85390625 0.165625 0.24609375
1 0.82578125 0.61328125 0.1953125 0.25234375
1 0.76875 0.903125 0.15625 0.18515625
1 0.7671875 0.17734375 0.153125 0.225
1 0.9140625 0.16953125 0.16875 0.26015625
1 0.7984375 0.4125 0.196875 0.20390625
1 0.596875 0.10078125 0.196875 0.2015625
1 0.603125 0.29375 0.196875 0.20390625
1 0.6109375 0.50625 0.196875 0.20390625
1 0.2765625 0.73984375 0.196875 0.20390625
1 0.3328125 0.91953125 0.1875 0.15625
1 0.0953125 0.32578125 0.190625 0.23125
2 0.4125 0.56484375 0.35 0.47109375