1 0.8296875 0.6578125 0.203125 0.240625
1 0.83046875 0.42734375 0.2515625 0.3203125
1 0.61015625 0.42578125 0.2140625 0.2484375
1 0.1640625 0.75078125 0.2015625 0.2265625
1 0.43046875 0.85859375 0.2390625 0.246875
1 0.16015625 0.3609375 0.1765625 0.1921875
1 0.6140625 0.734375 0.2171875 0.2609375
1 0.23515625 0.84296875 0.1859375 0.228125
1 0.28828125 0.28671875 0.178125 0.2046875
1 0.39609375 0.6015625 0.1921875 0.2
1 0.23125 0.58828125 0.1953125 0.228125
1 0.340625 0.5390625 0.178125 0.1875
2 0.5078125 0.17578125 0.475 0.3515625