1 0.45859375 0.56796875 0.1640625 0.21484375
1 0.7953125 0.18515625 0.14375 0.19609375
1 0.90625 0.49140625 0.15625 0.2125
1 0.11328125 0.29296875 0.1578125 0.22265625
1 0.66640625 0.596875 0.1578125 0.22265625
1 0.16953125 0.51796875 0.1578125 0.22265625
1 0.53125 0.08828125 0.1625 0.1765625
1 0.3171875 0.65859375 0.1625 0.17890625
1 0.58359375 0.90078125 0.1703125 0.19375
1 0.3984375 0.92734375 0.20625 0.14140625
1 0.18125 0.878125 0.165625 0.23984375
2 0.33515625 0.27734375 0.3390625 0.41640625
2 0.596875 0.36015625 0.240625 0.3
0 0.96796875 0.83359375 0.0515625 0.06640625