1 0.9078125 0.32421875 0.184375 0.2828125
1 0.40859375 0.734375 0.1953125 0.24375
1 0.55 0.88515625 0.234375 0.2296875
1 0.26171875 0.740625 0.2109375 0.234375
1 0.46015625 0.09921875 0.2109375 0.1984375
1 0.328125 0.41171875 0.2109375 0.234375
1 0.3109375 0.5109375 0.2109375 0.234375
1 0.09921875 0.63359375 0.1984375 0.3015625
1 0.67109375 0.88046875 0.1953125 0.2390625
1 0.71875 0.221875 0.1953125 0.25
1 0.30078125 0.190625 0.2265625 0.253125
0 0.478125 0.30703125 0.071875 0.0765625
0 0.571875 0.2046875 0.0734375 0.090625
0 0.78359375 0.8484375 0.084375 0.0984375
2 0.725 0.55234375 0.4625 0.5546875