1 0.41953125 0.37421875 0.1984375 0.23125
1 0.21171875 0.51875 0.1546875 0.20390625
1 0.0765625 0.09921875 0.15 0.19765625
1 0.14375 0.303125 0.19375 0.20234375
1 0.5171875 0.625 0.15 0.17890625
1 0.4734375 0.75234375 0.1625 0.23359375
1 0.45 0.86640625 0.1625 0.23359375
1 0.7 0.55703125 0.184375 0.17734375
1 0.84765625 0.92265625 0.1765625 0.15
1 0.77890625 0.74921875 0.2203125 0.24765625
1 0.61171875 0.88515625 0.1640625 0.225
1 0.89375 0.10078125 0.1875 0.2015625
1 0.30703125 0.81796875 0.1609375 0.21875
1 0.55859375 0.13046875 0.1609375 0.21875
1 0.12890625 0.67421875 0.1609375 0.21875
0 0.42578125 0.14453125 0.0640625 0.09765625
0 0.02578125 0.20390625 0.0515625 0.1
2 0.72421875 0.30625 0.3109375 0.35