1 0.91015625 0.58828125 0.1796875 0.2359375
1 0.53984375 0.8875 0.1984375 0.225
1 0.3203125 0.83046875 0.2078125 0.25625
1 0.07578125 0.49453125 0.1515625 0.2421875
1 0.22578125 0.45 0.18125 0.2234375
1 0.5171875 0.55546875 0.196875 0.240625
1 0.48828125 0.3796875 0.2015625 0.275
1 0.55546875 0.234375 0.209375 0.2140625
1 0.4078125 0.12109375 0.2140625 0.2421875
1 0.72109375 0.4984375 0.2546875 0.315625
1 0.2015625 0.6640625 0.2453125 0.2734375
1 0.615625 0.7203125 0.1984375 0.2359375
2 0.1828125 0.1875 0.365625 0.334375