1 0.18203125 0.83203125 0.1828125 0.2578125
1 0.39921875 0.76484375 0.234375 0.221875
1 0.12890625 0.22890625 0.1953125 0.234375
1 0.575 0.19296875 0.1953125 0.234375
1 0.39921875 0.30078125 0.1984375 0.259375
1 0.91328125 0.4875 0.165625 0.2140625
1 0.20703125 0.484375 0.171875 0.225
1 0.24765625 0.4 0.140625 0.184375
1 0.384375 0.5375 0.1875 0.196875
1 0.278125 0.13359375 0.1484375 0.1984375
1 0.85703125 0.23203125 0.1890625 0.2109375
1 0.0625 0.43828125 0.125 0.2515625
1 0.8 0.415625 0.1015625 0.1390625
2 0.615625 0.6453125 0.4265625 0.5296875