1 0.55703125 0.4078125 0.2296875 0.2375
1 0.60859375 0.0984375 0.1984375 0.196875
1 0.7421875 0.2828125 0.1984375 0.2
1 0.84765625 0.24609375 0.1703125 0.19375
1 0.22265625 0.06171875 0.1734375 0.1234375
1 0.75859375 0.55 0.1703125 0.1953125
1 0.23359375 0.84609375 0.1703125 0.1953125
1 0.15546875 0.81484375 0.1703125 0.1953125
1 0.5078125 0.8765625 0.1703125 0.1953125
1 0.22578125 0.23203125 0.190625 0.2484375
1 0.3984375 0.06953125 0.184375 0.1390625
1 0.90078125 0.48828125 0.1875 0.23125
2 0.503125 0.678125 0.2296875 0.290625
0 0.39375 0.1703125 0.071875 0.09375
0 0.609375 0.2078125 0.071875 0.09375