2 0.31796875 0.196875 0.2421875 0.284375
1 0.58671875 0.6828125 0.2171875 0.278125
1 0.4421875 0.7140625 0.2015625 0.2234375
1 0.51796875 0.5484375 0.2015625 0.2234375
1 0.50390625 0.49375 0.2015625 0.2234375
1 0.09453125 0.5015625 0.1890625 0.2875
1 0.0875 0.38984375 0.175 0.2453125
1 0.2078125 0.3703125 0.184375 0.2453125
1 0.23984375 0.440625 0.184375 0.2453125
1 0.29296875 0.4734375 0.184375 0.2453125
1 0.35546875 0.534375 0.184375 0.2453125
1 0.07265625 0.72265625 0.1453125 0.2453125
1 0.1125 0.75234375 0.184375 0.2453125
1 0.24375 0.80859375 0.184375 0.2453125
1 0.86875 0.19375 0.1765625 0.2125
1 0.93671875 0.35 0.1265625 0.2125
1 0.834375 0.8421875 0.1765625 0.2125
1 0.86171875 0.70625 0.2046875 0.24375
1 0.84453125 0.6265625 0.2046875 0.24375
1 0.73828125 0.94453125 0.1890625 0.1109375
1 0.64453125 0.92421875 0.1890625 0.1515625
1 0.63359375 0.903125 0.1890625 0.190625
1 0.1640625 0.1125 0.2 0.225
1 0.5234375 0.05078125 0.1625 0.1015625
1 0.68828125 0.29609375 0.225 0.2578125
1 0.7078125 0.43828125 0.225 0.2578125
1 0.775 0.49140625 0.225 0.2578125
0 0.70078125 0.7796875 0.0875 0.109375
0 0.3296875 0.79921875 0.06875 0.0890625
1 0.91796875 0.48671875 0.1640625 0.2390625