1 0.65390625 0.19765625 0.1578125 0.23359375
1 0.81640625 0.43984375 0.1578125 0.23359375
1 0.79140625 0.68984375 0.1921875 0.225
1 0.915625 0.85859375 0.165625 0.20390625
1 0.7140625 0.884375 0.165625 0.22734375
1 0.93515625 0.31171875 0.1265625 0.22265625
1 0.80390625 0.09140625 0.1453125 0.1828125
1 0.48984375 0.82734375 0.1171875 0.22890625
1 0.41875 0.82578125 0.1875 0.18984375
1 0.23046875 0.83125 0.1640625 0.22890625
1 0.65390625 0.38125 0.1421875 0.17109375
1 0.3625 0.15078125 0.15625 0.19375
1 0.140625 0.51328125 0.15625 0.19375
1 0.23984375 0.13203125 0.1515625 0.22734375
1 0.12734375 0.31328125 0.1765625 0.23984375
2 0.371875 0.534375 0.38125 0.49765625