2 0.25390625 0.64140625 0.33125 0.35
0 0.7953125 0.25625 0.06875 0.084375
0 0.7796875 0.125 0.1 0.115625
0 0.2125 0.88984375 0.06875 0.084375
1 0.86015625 0.7296875 0.221875 0.2484375
1 0.4328125 0.40859375 0.221875 0.2484375
1 0.503125 0.35390625 0.221875 0.2484375
1 0.59375 0.403125 0.221875 0.2484375
1 0.66640625 0.40546875 0.221875 0.2484375
1 0.72421875 0.4640625 0.221875 0.2484375
1 0.7796875 0.49140625 0.221875 0.2484375
1 0.89140625 0.46015625 0.2171875 0.2484375
1 0.33984375 0.0984375 0.2203125 0.196875
1 0.49921875 0.1125 0.2203125 0.225
1 0.60546875 0.1765625 0.221875 0.2484375
1 0.090625 0.4390625 0.18125 0.29375
1 0.57734375 0.915625 0.2140625 0.16875