1 0.6390625 0.8796875 0.178125 0.2109375
1 0.803125 0.878125 0.178125 0.2109375
1 0.66796875 0.6140625 0.178125 0.2109375
1 0.4421875 0.19453125 0.190625 0.23125
1 0.315625 0.3890625 0.203125 0.265625
1 0.26796875 0.76171875 0.1625 0.21875
1 0.8 0.18515625 0.203125 0.265625
1 0.7125 0.08671875 0.16875 0.1484375
1 0.88984375 0.4875 0.196875 0.1796875
1 0.09453125 0.78515625 0.1890625 0.2765625
1 0.39609375 0.909375 0.1515625 0.178125
1 0.340625 0.225 0.196875 0.2015625
1 0.62734375 0.22421875 0.184375 0.246875
2 0.43828125 0.60234375 0.3484375 0.459375