1 0.790625 0.6609375 0.221875 0.29375
1 0.271875 0.47265625 0.2234375 0.25625
1 0.16328125 0.3203125 0.1875 0.253125
1 0.3671875 0.32109375 0.225 0.2703125
1 0.1578125 0.76484375 0.190625 0.259375
1 0.925 0.65546875 0.15 0.2390625
1 0.70234375 0.28984375 0.2015625 0.24375
1 0.8421875 0.43984375 0.2421875 0.2296875
1 0.4703125 0.071875 0.196875 0.14375
1 0.4046875 0.8609375 0.25625 0.278125
0 0.60234375 0.4203125 0.0828125 0.09375
0 0.2703125 0.9734375 0.075 0.053125
2 0.6078125 0.68046875 0.33125 0.3828125