1 0.46328125 0.5703125 0.178125 0.225
1 0.77265625 0.165625 0.1578125 0.20625
1 0.9046875 0.46328125 0.1703125 0.2234375
1 0.1 0.3203125 0.1734375 0.2328125
1 0.67265625 0.58515625 0.1734375 0.2328125
1 0.171875 0.540625 0.1734375 0.2328125
1 0.5015625 0.08984375 0.175 0.1796875
1 0.32890625 0.67109375 0.175 0.1890625
1 0.61171875 0.89375 0.1828125 0.2046875
1 0.428125 0.928125 0.215625 0.14375
1 0.2078125 0.88671875 0.18125 0.2265625
2 0.3203125 0.2890625 0.3671875 0.4390625
2 0.58671875 0.35390625 0.2609375 0.315625
0 0.98046875 0.79921875 0.0390625 0.0703125