1 0.5875 0.46484375 0.1375 0.20859375
1 0.5671875 0.13828125 0.1625 0.21484375
1 0.33046875 0.196875 0.1234375 0.18515625
1 0.77265625 0.7 0.1328125 0.19140625
1 0.70859375 0.55390625 0.1453125 0.2
1 0.78984375 0.34609375 0.1453125 0.2
1 0.53046875 0.88203125 0.1671875 0.23125
1 0.05234375 0.53359375 0.1046875 0.22109375
1 0.3921875 0.85625 0.159375 0.2375
1 0.11328125 0.13515625 0.1421875 0.225
2 0.29453125 0.46796875 0.2671875 0.31875
0 0.82265625 0.55859375 0.0515625 0.06640625
0 0.2890625 0.07109375 0.05 0.08359375
0 0.09140625 0.18203125 0.0296875 0.04765625
0 0.61328125 0.32734375 0.0546875 0.06640625