1 0.74765625 0.49140625 0.1828125 0.21640625
1 0.32265625 0.5375 0.1828125 0.21640625
1 0.19765625 0.3875 0.1296875 0.18359375
1 0.23828125 0.15859375 0.1734375 0.25
1 0.0828125 0.1125 0.165625 0.225
1 0.10390625 0.63515625 0.1796875 0.23359375
1 0.0890625 0.88046875 0.178125 0.23515625
1 0.2765625 0.77578125 0.153125 0.20625
1 0.54296875 0.54609375 0.1828125 0.21640625
1 0.84765625 0.10703125 0.1828125 0.2140625
1 0.6625 0.08125 0.178125 0.1625
1 0.759375 0.79765625 0.159375 0.21640625
1 0.94140625 0.73046875 0.1140625 0.21875
1 0.51015625 0.33359375 0.1953125 0.24609375
2 0.51484375 0.81328125 0.3515625 0.36875
0 0.33515625 0.23359375 0.0921875 0.11640625
0 0.3609375 0.05546875 0.08125 0.11015625
0 0.0203125 0.75 0.040625 0.07890625