1 0.59296875 0.11796875 0.2125 0.2328125
1 0.22734375 0.22890625 0.2125 0.2328125
1 0.63125 0.9140625 0.2125 0.171875
1 0.4546875 0.33828125 0.253125 0.271875
1 0.3953125 0.18125 0.20625 0.21875
1 0.4625 0.0890625 0.215625 0.178125
1 0.69609375 0.296875 0.2125 0.2328125
1 0.6890625 0.42265625 0.2125 0.265625
1 0.1875 0.6609375 0.2375 0.2765625
1 0.171875 0.85625 0.2 0.1828125
1 0.334375 0.88984375 0.23125 0.203125
1 0.08203125 0.34765625 0.159375 0.23125
1 0.78359375 0.88359375 0.1859375 0.225
1 0.82578125 0.53203125 0.2234375 0.309375
0 0.478125 0.865625 0.071875 0.09375
2 0.428125 0.6171875 0.4140625 0.4671875