1 0.68203125 0.34375 0.16875 0.2203125
1 0.1640625 0.26796875 0.16875 0.2203125
1 0.05703125 0.62890625 0.1140625 0.2203125
1 0.6765625 0.5609375 0.2171875 0.2484375
1 0.5328125 0.478125 0.2 0.25
1 0.5859375 0.7421875 0.1875 0.25
1 0.246875 0.57109375 0.2046875 0.2515625
1 0.8375 0.665625 0.196875 0.2328125
1 0.8625 0.1609375 0.228125 0.221875
1 0.296875 0.8890625 0.215625 0.1859375
1 0.39765625 0.40078125 0.2 0.25
1 0.08984375 0.434375 0.1796875 0.1875
1 0.86875 0.40234375 0.209375 0.271875
1 0.73984375 0.8453125 0.203125 0.25625
0 0.60625 0.90546875 0.090625 0.10625
2 0.39375 0.16875 0.40625 0.3375