1 0.275 0.14921875 0.1828125 0.221875
1 0.18515625 0.49296875 0.1828125 0.221875
1 0.94140625 0.16171875 0.1171875 0.2203125
1 0.9203125 0.428125 0.159375 0.221875
1 0.8 0.69921875 0.1828125 0.221875
1 0.34375 0.75625 0.2046875 0.2296875
1 0.0953125 0.515625 0.190625 0.2875
1 0.503125 0.62265625 0.1859375 0.1953125
1 0.41875 0.34375 0.1828125 0.2078125
1 0.31640625 0.88125 0.1828125 0.209375
0 0.6125 0.9515625 0.08125 0.096875
0 0.0765625 0.778125 0.0625 0.071875
0 0.8453125 0.56484375 0.071875 0.0859375
0 0.8609375 0.184375 0.0796875 0.084375
0 0.6328125 0.03984375 0.065625 0.059375
2 0.69609375 0.34765625 0.43125 0.5078125