1 0.85703125 0.76796875 0.171875 0.2515625
1 0.7640625 0.11640625 0.1703125 0.2109375
1 0.35625 0.7578125 0.175 0.2578125
1 0.240625 0.8796875 0.1984375 0.2234375
1 0.08046875 0.878125 0.1609375 0.20625
1 0.5578125 0.8953125 0.1890625 0.209375
1 0.1828125 0.3390625 0.1734375 0.2125
1 0.246875 0.08671875 0.15625 0.1734375
0 0.8703125 0.234375 0.0828125 0.0890625
0 0.36015625 0.31015625 0.05625 0.0796875
2 0.54609375 0.6 0.3734375 0.4640625
1 0.553125 0.10546875 0.18125 0.2109375
1 0.9078125 0.1078125 0.16875 0.1515625