2 0.53359375 0.62265625 0.2546875 0.3375
1 0.46875 0.1375 0.228125 0.225
1 0.590625 0.365625 0.18125 0.24765625
1 0.8359375 0.29453125 0.18125 0.24765625
1 0.76875 0.428125 0.18125 0.24765625
1 0.7359375 0.58046875 0.18125 0.24765625
1 0.82578125 0.625 0.1546875 0.2125
1 0.82265625 0.7375 0.1546875 0.2125
1 0.78671875 0.83984375 0.1546875 0.2125
1 0.90546875 0.75 0.1546875 0.2125
1 0.06171875 0.14375 0.1234375 0.24140625
1 0.2125 0.1125 0.190625 0.225
1 0.77109375 0.11796875 0.2109375 0.23515625
0 0.6515625 0.0625 0.06875 0.12109375
0 0.359375 0.90625 0.065625 0.07109375
1 0.38125 0.34296875 0.153125 0.22734375
1 0.1140625 0.42578125 0.153125 0.22734375
1 0.13515625 0.925 0.1390625 0.14609375
1 0.26171875 0.925 0.1390625 0.14609375
1 0.07578125 0.865625 0.1515625 0.18125