1 0.21875 0.65078125 0.1515625 0.2015625
1 0.2109375 0.79375 0.1515625 0.2015625
1 0.5921875 0.88359375 0.159375 0.2328125
1 0.49453125 0.778125 0.159375 0.2359375
1 0.6828125 0.475 0.134375 0.225
1 0.60859375 0.2421875 0.1703125 0.2703125
1 0.8328125 0.3921875 0.1625 0.2234375
1 0.06953125 0.44765625 0.1390625 0.2171875
1 0.8515625 0.74609375 0.175 0.2140625
1 0.14296875 0.20859375 0.1765625 0.2140625
1 0.33515625 0.103125 0.1765625 0.20625
1 0.7828125 0.15078125 0.146875 0.1890625
1 0.93515625 0.171875 0.1296875 0.1875
1 0.5296875 0.60703125 0.1703125 0.1890625
1 0.93828125 0.4046875 0.1234375 0.2125
1 0.77421875 0.57734375 0.125 0.19375
2 0.36328125 0.3859375 0.4609375 0.421875