2 0.46640625 0.42734375 0.215625 0.265625
0 0.64140625 0.43671875 0.0640625 0.06875
0 0.58828125 0.55546875 0.0640625 0.06875
0 0.971875 0.49453125 0.05625 0.0796875
1 0.80078125 0.2640625 0.2625 0.3078125
1 0.78671875 0.0578125 0.1890625 0.115625
1 0.8265625 0.0796875 0.1875 0.159375
1 0.6453125 0.10625 0.221875 0.2125
1 0.49921875 0.09765625 0.2203125 0.1953125
1 0.375 0.7078125 0.2140625 0.24375
1 0.3828125 0.9078125 0.1875 0.184375
1 0.60546875 0.87890625 0.1875 0.2375
1 0.3078125 0.51640625 0.2046875 0.2390625
1 0.12421875 0.27265625 0.16875 0.2109375
1 0.03828125 0.2140625 0.0765625 0.225
1 0.50859375 0.67109375 0.2109375 0.2546875
1 0.61171875 0.709375 0.2109375 0.2546875
1 0.7578125 0.709375 0.215625 0.2453125
1 0.3921875 0.2171875 0.1921875 0.2203125
1 0.290625 0.29375 0.1921875 0.2203125
1 0.13046875 0.12421875 0.184375 0.1296875