1 0.66484375 0.13125 0.1640625 0.2
1 0.82890625 0.14375 0.1640625 0.2
1 0.67578125 0.39765625 0.1640625 0.2
1 0.42109375 0.80078125 0.1765625 0.21875
1 0.30859375 0.59765625 0.1859375 0.25390625
1 0.28671875 0.22265625 0.1484375 0.20859375
1 0.77734375 0.83515625 0.1859375 0.25390625
1 0.6828125 0.92734375 0.159375 0.1375
1 0.88828125 0.53984375 0.1859375 0.16640625
1 0.11015625 0.18671875 0.1828125 0.26484375
1 0.425 0.084375 0.140625 0.16875
1 0.321875 0.76328125 0.184375 0.18984375
1 0.6078125 0.784375 0.16875 0.23515625
2 0.4453125 0.39375 0.31875 0.4375