1 0.71796875 0.22578125 0.1953125 0.215625
1 0.63671875 0.65390625 0.1953125 0.215625
1 0.515625 0.8359375 0.221875 0.26875
1 0.6640625 0.93515625 0.196875 0.1296875
1 0.5109375 0.34765625 0.2078125 0.2546875
1 0.2 0.553125 0.2078125 0.2546875
1 0.2875 0.34140625 0.1921875 0.2265625
1 0.36953125 0.08515625 0.1921875 0.1703125
1 0.2828125 0.85078125 0.1328125 0.1640625
1 0.83828125 0.89375 0.1859375 0.1984375
1 0.340625 0.60546875 0.2046875 0.2421875
1 0.85546875 0.68125 0.1953125 0.215625
2 0.8765625 0.39296875 0.246875 0.3640625
0 0.08671875 0.6359375 0.09375 0.1046875
1 0.78125 0.6078125 0.209375 0.2625