1 0.49375 0.85625 0.1875 0.196875
1 0.67890625 0.8734375 0.196875 0.2125
1 0.42578125 0.25234375 0.196875 0.2125
1 0.421875 0.096875 0.203125 0.19375
1 0.29765625 0.803125 0.21875 0.259375
1 0.5203125 0.41484375 0.1875 0.196875
1 0.6 0.296875 0.1875 0.196875
1 0.19375 0.16640625 0.1875 0.196875
1 0.096875 0.6203125 0.19375 0.23125
1 0.971875 0.82578125 0.05625 0.2203125
1 0.84140625 0.815625 0.1875 0.196875
1 0.8828125 0.09140625 0.146875 0.1828125
1 0.571875 0.665625 0.184375 0.278125
0 0.4296875 0.6296875 0.09375 0.10625
0 0.25703125 0.6375 0.121875 0.1390625
0 0.09921875 0.35 0.0859375 0.109375
0 0.0453125 0.7015625 0.0546875 0.090625
2 0.77109375 0.54375 0.44375 0.5234375