2 0.61484375 0.396875 0.3171875 0.3671875
1 0.75234375 0.7640625 0.2171875 0.265625
1 0.40546875 0.3734375 0.1765625 0.26875
1 0.265625 0.83203125 0.171875 0.2515625
1 0.309375 0.88671875 0.171875 0.2265625
1 0.5890625 0.80390625 0.209375 0.2609375
1 0.19609375 0.303125 0.1765625 0.178125
1 0.0859375 0.771875 0.1375 0.246875
1 0.084375 0.30234375 0.16875 0.2390625
1 0.3984375 0.590625 0.2109375 0.2671875
1 0.221875 0.62890625 0.2109375 0.2671875
1 0.81640625 0.4078125 0.1765625 0.26875
0 0.84921875 0.67734375 0.059375 0.084375