1 0.10625 0.73125 0.2125 0.28125
1 0.3296875 0.7265625 0.265625 0.2546875
1 0.21796875 0.1375 0.2296875 0.2609375
1 0.65625 0.22578125 0.2296875 0.2609375
1 0.45859375 0.28125 0.2375 0.2859375
1 0.90078125 0.60234375 0.196875 0.2359375
1 0.2234375 0.40390625 0.20625 0.246875
1 0.28515625 0.334375 0.1671875 0.2015625
1 0.37890625 0.50390625 0.215625 0.2234375
1 0.3875 0.09765625 0.178125 0.1953125
1 0.90390625 0.340625 0.1921875 0.2375
1 0.0921875 0.31875 0.175 0.2671875
1 0.81171875 0.5015625 0.1234375 0.1515625
2 0.57109375 0.67109375 0.5046875 0.5875