1 0.2671875 0.340625 0.178125 0.23515625
1 0.15 0.16640625 0.15625 0.23359375
1 0.40546875 0.253125 0.1078125 0.21015625
1 0.4046875 0.48125 0.175 0.22890625
1 0.375 0.68828125 0.153125 0.20625
1 0.55390625 0.621875 0.1734375 0.21875
1 0.88671875 0.85546875 0.2015625 0.24375
1 0.11328125 0.58515625 0.1578125 0.21640625
1 0.16171875 0.73671875 0.1921875 0.26015625
1 0.571875 0.39296875 0.165625 0.21015625
1 0.81328125 0.18046875 0.2078125 0.17734375
1 0.5703125 0.08828125 0.178125 0.1765625
1 0.4203125 0.08359375 0.146875 0.16640625
1 0.6703125 0.87265625 0.184375 0.25
0 0.253125 0.70703125 0.05 0.06015625
0 0.34453125 0.86796875 0.0671875 0.08515625
2 0.778125 0.49921875 0.375 0.53984375