1 0.509375 0.15078125 0.209375 0.2421875
1 0.6953125 0.43359375 0.1859375 0.221875
1 0.82578125 0.6296875 0.21875 0.275
1 0.62265625 0.68359375 0.21875 0.275
1 0.15625 0.375 0.1984375 0.1734375
1 0.45703125 0.84453125 0.16875 0.196875
1 0.49140625 0.7109375 0.16875 0.196875
1 0.0703125 0.840625 0.140625 0.196875
1 0.8484375 0.8515625 0.16875 0.196875
2 0.07734375 0.528125 0.1546875 0.284375
0 0.09609375 0.19296875 0.0734375 0.0875
0 0.61796875 0.303125 0.0640625 0.084375
0 0.5640625 0.27265625 0.0640625 0.084375
0 0.66875 0.24765625 0.0765625 0.090625