1 0.5828125 0.134375 0.18125 0.18984375
1 0.146875 0.296875 0.190625 0.21015625
1 0.14453125 0.51796875 0.1671875 0.19375
1 0.2578125 0.51796875 0.18125 0.26484375
1 0.40546875 0.55859375 0.0828125 0.27890625
1 0.4546875 0.66875 0.15625 0.22109375
1 0.15078125 0.8375 0.1640625 0.225
1 0.60390625 0.34765625 0.2328125 0.19140625
1 0.87421875 0.40703125 0.1640625 0.25234375
1 0.39921875 0.91953125 0.1984375 0.15625
1 0.2953125 0.77890625 0.134375 0.2375
1 0.275 0.134375 0.18125 0.21875
2 0.721875 0.63671875 0.528125 0.52265625