2 0.603125 0.09609375 0.2234375 0.1921875
0 0.11171875 0.53046875 0.0828125 0.0921875
1 0.63515625 0.41875 0.2125 0.2453125
1 0.471875 0.37421875 0.1796875 0.21875
1 0.46875 0.165625 0.1796875 0.21875
1 0.2984375 0.715625 0.1796875 0.21875
1 0.17734375 0.753125 0.1796875 0.21875
1 0.31875 0.90234375 0.1671875 0.1875
1 0.40703125 0.93046875 0.153125 0.134375
1 0.08046875 0.925 0.1609375 0.134375
1 0.88515625 0.2875 0.140625 0.1921875
1 0.81875 0.325 0.140625 0.1921875
1 0.79140625 0.45625 0.140625 0.1921875
1 0.846875 0.49296875 0.140625 0.1921875
1 0.87734375 0.534375 0.140625 0.1921875
1 0.9125 0.6046875 0.171875 0.20625
1 0.85625 0.915625 0.21875 0.16875
1 0.25390625 0.14140625 0.1703125 0.20625
1 0.06953125 0.2734375 0.134375 0.2234375
1 0.09765625 0.090625 0.1671875 0.18125
1 0.41875 0.69140625 0.18125 0.209375
1 0.5828125 0.70703125 0.1234375 0.1828125
1 0.575 0.8171875 0.1234375 0.1828125
1 0.49609375 0.90078125 0.171875 0.196875