1 0.74453125 0.896875 0.2421875 0.20625
1 0.65703125 0.57890625 0.2421875 0.278125
1 0.68984375 0.38359375 0.178125 0.2
1 0.1875 0.3703125 0.1546875 0.2546875
1 0.184375 0.553125 0.1921875 0.215625
1 0.2875 0.0546875 0.16875 0.109375
1 0.51015625 0.121875 0.1890625 0.215625
1 0.58046875 0.21953125 0.240625 0.25
1 0.83828125 0.32421875 0.178125 0.2
1 0.4625 0.734375 0.2796875 0.196875
1 0.3859375 0.7609375 0.2 0.2265625
0 0.078125 0.34296875 0.075 0.090625
0 0.2921875 0.1875 0.0921875 0.1125
0 0.60859375 0.9078125 0.11875 0.1296875
2 0.39453125 0.3953125 0.40625 0.509375