1 0.4203125 0.81328125 0.2078125 0.2546875
1 0.51171875 0.92109375 0.2015625 0.1578125
1 0.66484375 0.82734375 0.2078125 0.2546875
1 0.6921875 0.6140625 0.1625 0.2078125
1 0.55703125 0.6390625 0.2078125 0.2546875
1 0.4390625 0.27578125 0.2078125 0.2546875
1 0.35703125 0.30078125 0.2 0.2421875
1 0.59140625 0.0828125 0.1828125 0.165625
1 0.72265625 0.33828125 0.2078125 0.2546875
1 0.84140625 0.1375 0.1921875 0.1921875
1 0.171875 0.3 0.221875 0.2296875
1 0.31875 0.1171875 0.215625 0.234375
2 0.21484375 0.609375 0.3015625 0.3484375