1 0.82578125 0.8625 0.2109375 0.19609375
1 0.690625 0.32265625 0.209375 0.21640625
1 0.440625 0.559375 0.2 0.18984375
1 0.26875 0.70234375 0.153125 0.21640625
1 0.18828125 0.90625 0.1640625 0.17890625
1 0.425 0.77890625 0.16875 0.20859375
1 0.55234375 0.72734375 0.1921875 0.24609375
1 0.6484375 0.525 0.16875 0.20859375
1 0.128125 0.11875 0.15 0.2375
1 0.796875 0.509375 0.15625 0.21015625
1 0.6671875 0.103125 0.16875 0.20625
1 0.05859375 0.36484375 0.1171875 0.275
2 0.3671875 0.26171875 0.371875 0.45234375