1 0.38125 0.75 0.14375 0.215625
1 0.07109375 0.65 0.1421875 0.215625
1 0.228125 0.87421875 0.209375 0.2515625
1 0.37890625 0.525 0.1515625 0.240625
1 0.39609375 0.08203125 0.1546875 0.15625
1 0.25390625 0.209375 0.1953125 0.234375
1 0.80546875 0.615625 0.1546875 0.209375
1 0.90546875 0.46328125 0.1859375 0.253125
1 0.66171875 0.47734375 0.1578125 0.2125
1 0.57265625 0.10859375 0.1921875 0.2125
1 0.63046875 0.79140625 0.1765625 0.225
0 0.828125 0.79609375 0.059375 0.084375
2 0.82890625 0.18125 0.3359375 0.359375