1 0.79140625 0.19375 0.184375 0.2953125
1 0.28671875 0.10546875 0.196875 0.1875
1 0.51328125 0.11328125 0.2078125 0.2265625
1 0.1359375 0.41015625 0.2078125 0.234375
1 0.65625 0.690625 0.2078125 0.234375
1 0.803125 0.87109375 0.203125 0.2125
1 0.4671875 0.853125 0.19375 0.2546875
1 0.85703125 0.6203125 0.184375 0.196875
1 0.634375 0.25546875 0.190625 0.2421875
1 0.72109375 0.4546875 0.2484375 0.28125
1 0.2328125 0.9234375 0.1875 0.153125
1 0.0734375 0.5734375 0.146875 0.23125
2 0.44140625 0.51875 0.3765625 0.465625
0 0.81484375 0.0375 0.0671875 0.075