1 0.50234375 0.10703125 0.1703125 0.19765625
1 0.83046875 0.303125 0.1703125 0.19765625
1 0.26484375 0.89921875 0.1703125 0.19765625
1 0.5828125 0.35390625 0.203125 0.22890625
1 0.67890625 0.21640625 0.1671875 0.18359375
1 0.63984375 0.090625 0.1765625 0.18125
1 0.35859375 0.25546875 0.1703125 0.19765625
1 0.33515625 0.37890625 0.1609375 0.23359375
1 0.7640625 0.73203125 0.184375 0.23984375
1 0.73203125 0.925 0.1703125 0.14609375
1 0.56640625 0.91796875 0.1984375 0.16015625
1 0.9421875 0.453125 0.1125 0.21015625
1 0.13203125 0.80390625 0.1421875 0.19609375
1 0.17578125 0.45234375 0.1609375 0.27890625
0 0.4328125 0.86015625 0.053125 0.08359375
2 0.54140625 0.63125 0.3265625 0.4