1 0.48984375 0.8625 0.1828125 0.2125
1 0.715625 0.821875 0.146875 0.20625
1 0.25078125 0.88828125 0.1453125 0.184375
1 0.89453125 0.55546875 0.1828125 0.29375
1 0.66796875 0.396875 0.1734375 0.221875
1 0.86953125 0.796875 0.1734375 0.221875
1 0.14609375 0.69765625 0.1546875 0.215625
1 0.81171875 0.234375 0.1734375 0.221875
1 0.33671875 0.26171875 0.1734375 0.221875
1 0.58828125 0.20078125 0.1734375 0.221875
1 0.271875 0.09375 0.190625 0.184375
1 0.84609375 0.07109375 0.1890625 0.1375
2 0.44921875 0.54296875 0.3359375 0.440625
0 0.784375 0.52265625 0.071875 0.090625