1 0.63984375 0.70234375 0.215625 0.228125
1 0.7765625 0.50859375 0.2359375 0.28125
1 0.66484375 0.34296875 0.215625 0.2578125
1 0.540625 0.4140625 0.2015625 0.225
1 0.70390625 0.1328125 0.2015625 0.2234375
1 0.546875 0.89609375 0.215625 0.2078125
1 0.33515625 0.89453125 0.2015625 0.1875
1 0.86640625 0.184375 0.2203125 0.2546875
1 0.84609375 0.884375 0.1921875 0.23125
1 0.40390625 0.2125 0.1921875 0.2515625
1 0.21796875 0.19140625 0.1921875 0.2515625
1 0.12578125 0.2828125 0.1921875 0.2515625
2 0.20390625 0.5859375 0.4078125 0.453125