1 0.18046875 0.41796875 0.1515625 0.19765625
1 0.05078125 0.41953125 0.1015625 0.23984375
1 0.42109375 0.44609375 0.1984375 0.22890625
1 0.76015625 0.81484375 0.1640625 0.1875
1 0.915625 0.85234375 0.1625 0.225
1 0.7765625 0.57109375 0.1625 0.225
1 0.89609375 0.31171875 0.2046875 0.23515625
1 0.7921875 0.11640625 0.1625 0.225
1 0.6328125 0.41015625 0.1625 0.225
1 0.346875 0.80234375 0.16875 0.2875
1 0.178125 0.73515625 0.159375 0.21640625
1 0.19375 0.52265625 0.159375 0.21640625
1 0.278125 0.13046875 0.11875 0.18984375
1 0.56484375 0.19375 0.1453125 0.19609375
1 0.63984375 0.05703125 0.1703125 0.1140625
1 0.12578125 0.23125 0.1453125 0.19609375
1 0.19140625 0.86640625 0.1796875 0.19140625
2 0.55234375 0.86484375 0.3359375 0.26640625