1 0.45234375 0.64609375 0.1609375 0.19140625
1 0.34140625 0.09453125 0.1609375 0.1890625
1 0.665625 0.32421875 0.1625 0.22734375
1 0.87265625 0.3625 0.1921875 0.25390625
1 0.39375 0.29453125 0.175 0.21015625
1 0.08828125 0.259375 0.1703125 0.20625
1 0.63359375 0.55390625 0.1578125 0.2375
1 0.209375 0.46640625 0.178125 0.25859375
1 0.81953125 0.78125 0.1796875 0.24609375
1 0.24453125 0.90234375 0.1609375 0.19140625
0 0.26875 0.71953125 0.084375 0.08984375
0 0.37109375 0.55703125 0.0671875 0.08984375
0 0.56484375 0.67109375 0.0703125 0.09609375
2 0.59140625 0.865625 0.2484375 0.26484375