1 0.66875 0.2125 0.203125 0.25859375
1 0.8703125 0.43125 0.203125 0.25859375
1 0.52734375 0.51015625 0.1703125 0.18359375
1 0.49296875 0.109375 0.1765625 0.15234375
1 0.196875 0.50859375 0.1375 0.1625
1 0.246875 0.22421875 0.159375 0.17734375
1 0.40078125 0.87890625 0.1359375 0.2125
1 0.28359375 0.690625 0.1359375 0.18984375
1 0.25625 0.89296875 0.159375 0.18125
1 0.07890625 0.275 0.1578125 0.20859375
2 0.5734375 0.76640625 0.3125 0.35859375
0 0.409375 0.15078125 0.046875 0.06015625
0 0.75703125 0.1375 0.0546875 0.075