1 0.42421875 0.5203125 0.2 0.1859375
1 0.43046875 0.878125 0.1828125 0.24375
1 0.71328125 0.8453125 0.2234375 0.2640625
1 0.89140625 0.2953125 0.203125 0.3
1 0.7640625 0.38046875 0.2046875 0.2515625
1 0.6046875 0.48359375 0.19375 0.2140625
1 0.29765625 0.3515625 0.196875 0.2671875
1 0.1828125 0.465625 0.2015625 0.3328125
1 0.07421875 0.50078125 0.1484375 0.3234375
1 0.17109375 0.81484375 0.215625 0.24375
1 0.3984375 0.69375 0.2109375 0.215625
1 0.21484375 0.1453125 0.2109375 0.215625
0 0.79296875 0.57109375 0.08125 0.1046875
2 0.55859375 0.221875 0.4296875 0.44375