1 0.615625 0.18125 0.184375 0.2515625
1 0.80703125 0.4015625 0.184375 0.2515625
1 0.8125 0.653125 0.21875 0.246875
1 0.93046875 0.8046875 0.1390625 0.221875
1 0.759375 0.85546875 0.1921875 0.2453125
1 0.90859375 0.26015625 0.153125 0.2359375
1 0.75078125 0.078125 0.1671875 0.15625
1 0.5296875 0.82578125 0.14375 0.2421875
1 0.459375 0.83359375 0.209375 0.2109375
1 0.27265625 0.86171875 0.190625 0.246875
1 0.63828125 0.36328125 0.1625 0.1875
1 0.32109375 0.1703125 0.178125 0.2109375
1 0.1453125 0.55703125 0.178125 0.2109375
1 0.196875 0.16640625 0.178125 0.24375
1 0.10703125 0.36015625 0.2046875 0.259375
2 0.37734375 0.55 0.4390625 0.540625