1 0.0828125 0.14609375 0.125 0.209375
1 0.15546875 0.29765625 0.184375 0.2328125
1 0.2828125 0.42109375 0.184375 0.2328125
1 0.3359375 0.1140625 0.184375 0.228125
1 0.43359375 0.28046875 0.16875 0.209375
1 0.546875 0.1234375 0.165625 0.240625
1 0.78203125 0.39296875 0.196875 0.2390625
1 0.71796875 0.6296875 0.19375 0.24375
1 0.16640625 0.75703125 0.1828125 0.2421875
1 0.71953125 0.8796875 0.1828125 0.240625
1 0.5984375 0.36015625 0.196875 0.2390625
1 0.76796875 0.121875 0.1765625 0.209375
1 0.94296875 0.2390625 0.1140625 0.2375
2 0.40859375 0.6890625 0.4 0.4953125
0 0.86015625 0.640625 0.1359375 0.15625
0 0.8 0.975 0.078125 0.05