1 0.83359375 0.30546875 0.2 0.2484375
1 0.85078125 0.5359375 0.2 0.2484375
1 0.109375 0.8234375 0.1859375 0.2484375
1 0.7984375 0.74140625 0.1765625 0.209375
1 0.4109375 0.21953125 0.1765625 0.209375
1 0.04375 0.10546875 0.0875 0.1421875
1 0.5953125 0.6390625 0.1734375 0.1734375
1 0.31171875 0.6453125 0.1734375 0.1734375
1 0.4140625 0.39375 0.1734375 0.1734375
1 0.571875 0.078125 0.171875 0.15625
1 0.396875 0.8328125 0.1765625 0.196875
1 0.18203125 0.33125 0.1765625 0.196875
1 0.68984375 0.3140625 0.1859375 0.234375
1 0.6859375 0.8515625 0.203125 0.23125
1 0.42578125 0.665625 0.1296875 0.159375
2 0.10078125 0.56875 0.2015625 0.259375
0 0.86171875 0.615625 0.0453125 0.059375