1 0.56171875 0.609375 0.190625 0.240625
1 0.31171875 0.6359375 0.190625 0.240625
1 0.3875 0.65390625 0.190625 0.240625
1 0.38203125 0.8359375 0.2015625 0.2359375
1 0.15 0.7328125 0.2015625 0.2359375
1 0.0609375 0.7234375 0.121875 0.234375
1 0.53046875 0.9140625 0.1828125 0.171875
1 0.59140625 0.9078125 0.1828125 0.184375
1 0.63984375 0.87109375 0.1828125 0.1984375
1 0.71171875 0.84140625 0.1828125 0.1984375
1 0.75703125 0.8078125 0.1828125 0.1984375
1 0.79453125 0.78359375 0.1828125 0.1984375
1 0.75 0.55546875 0.1828125 0.1984375
1 0.796875 0.58203125 0.1828125 0.1984375
1 0.846875 0.62109375 0.1828125 0.1984375
1 0.72421875 0.33671875 0.196875 0.24375
1 0.1203125 0.24921875 0.1953125 0.24375
1 0.26015625 0.19375 0.1984375 0.24375
1 0.39765625 0.2703125 0.165625 0.1921875
1 0.6796875 0.1390625 0.165625 0.1921875
1 0.9328125 0.46484375 0.134375 0.1921875
2 0.90078125 0.2546875 0.1984375 0.296875
1 0.43671875 0.47265625 0.190625 0.240625
1 0.39453125 0.1609375 0.190625 0.240625
0 0.390625 0.0265625 0.059375 0.053125