1 0.87421875 0.76875 0.196875 0.2734375
1 0.8328125 0.4296875 0.2328125 0.29375
1 0.390625 0.52578125 0.190625 0.24375
1 0.56171875 0.61953125 0.2171875 0.2125
1 0.39453125 0.73125 0.2390625 0.2515625
1 0.55546875 0.8546875 0.2390625 0.2515625
1 0.4828125 0.10546875 0.196875 0.2109375
1 0.3390625 0.2140625 0.2390625 0.2234375
1 0.1203125 0.79921875 0.2265625 0.259375
1 0.19453125 0.56796875 0.246875 0.259375
1 0.75859375 0.92265625 0.2359375 0.1546875
1 0.76875 0.178125 0.196875 0.234375
1 0.16796875 0.31328125 0.196875 0.234375
1 0.3046875 0.05390625 0.1875 0.1078125
2 0.59296875 0.33828125 0.43125 0.528125