2 0.66484375 0.6078125 0.3375 0.403125
0 0.8390625 0.48984375 0.0796875 0.0890625
0 0.86796875 0.53671875 0.0796875 0.0890625
0 0.5484375 0.0328125 0.071875 0.065625
1 0.70390625 0.88671875 0.2328125 0.2265625
1 0.2171875 0.0921875 0.240625 0.184375
1 0.290625 0.78359375 0.246875 0.3171875
1 0.165625 0.67421875 0.209375 0.1875
1 0.5 0.3046875 0.2109375 0.2203125
1 0.634375 0.27265625 0.2109375 0.2203125
1 0.521875 0.8328125 0.2109375 0.2203125
1 0.46640625 0.72578125 0.2265625 0.2515625
1 0.05 0.784375 0.1 0.259375
1 0.1359375 0.4953125 0.2515625 0.25625
1 0.14921875 0.34453125 0.2140625 0.2125
1 0.3546875 0.35703125 0.2171875 0.2265625
1 0.76015625 0.40078125 0.2359375 0.234375
1 0.9046875 0.303125 0.190625 0.234375