1 0.68203125 0.665625 0.1765625 0.19375
1 0.77109375 0.44609375 0.1859375 0.24609375
1 0.625 0.31015625 0.16875 0.225
1 0.5203125 0.40703125 0.1625 0.19375
1 0.615625 0.09609375 0.1625 0.19140625
1 0.63984375 0.89296875 0.1734375 0.21015625
1 0.428125 0.921875 0.171875 0.15234375
1 0.7859375 0.11015625 0.175 0.2203125
1 0.92578125 0.80625 0.1453125 0.225
1 0.34140625 0.24140625 0.1453125 0.225
1 0.15546875 0.2625 0.1453125 0.225
1 0.08671875 0.37265625 0.1453125 0.225
2 0.21953125 0.65390625 0.3546875 0.38359375