1 0.6609375 0.63359375 0.184375 0.2421875
1 0.91796875 0.53984375 0.1640625 0.2421875
1 0.85390625 0.32265625 0.1921875 0.265625
1 0.43203125 0.14921875 0.184375 0.225
1 0.31875 0.57265625 0.1890625 0.2609375
1 0.46328125 0.63203125 0.1890625 0.246875
1 0.396875 0.390625 0.2 0.2515625
1 0.29453125 0.3609375 0.2 0.2515625
1 0.2984375 0.10390625 0.2 0.2078125
1 0.3484375 0.91328125 0.178125 0.159375
1 0.81875 0.8359375 0.2078125 0.253125
1 0.18671875 0.86328125 0.1859375 0.19375
1 0.0796875 0.85625 0.159375 0.1625
2 0.65546875 0.33671875 0.3609375 0.440625