1 0.50234375 0.72421875 0.1484375 0.24765625
1 0.6859375 0.7125 0.15 0.1625
1 0.1046875 0.62578125 0.178125 0.21015625
1 0.2734375 0.75625 0.15 0.2375
1 0.096875 0.80546875 0.175 0.22734375
1 0.33359375 0.39375 0.1734375 0.22109375
1 0.875 0.60859375 0.184375 0.2125
1 0.71796875 0.88125 0.1859375 0.19140625
1 0.459375 0.359375 0.165625 0.25234375
1 0.07578125 0.26640625 0.1515625 0.20390625
1 0.0859375 0.45859375 0.171875 0.21640625
1 0.26328125 0.20234375 0.1828125 0.20390625
1 0.69140625 0.16484375 0.1734375 0.15390625
1 0.85390625 0.184375 0.1609375 0.25234375
1 0.45078125 0.92734375 0.1640625 0.14140625
1 0.54296875 0.0875 0.1515625 0.175
1 0.1796875 0.0875 0.146875 0.175
2 0.659375 0.425 0.309375 0.40859375
0 0.57890625 0.878125 0.0703125 0.11015625
0 0.95859375 0.334375 0.0796875 0.13515625