1 0.475 0.85546875 0.2 0.2078125
1 0.28984375 0.85625 0.2109375 0.2234375
1 0.5953125 0.26015625 0.2109375 0.2234375
1 0.6125 0.10390625 0.215625 0.2078125
1 0.675 0.81953125 0.2359375 0.271875
1 0.48671875 0.41328125 0.2 0.2078125
1 0.41796875 0.28828125 0.2 0.2078125
1 0.834375 0.19453125 0.2 0.2078125
1 0.89140625 0.65546875 0.2109375 0.2421875
1 0.01875 0.78125 0.0375 0.225
1 0.13203125 0.784375 0.2 0.2078125
1 0.15390625 0.07734375 0.1609375 0.1546875
1 0.41328125 0.65859375 0.2046875 0.2875
0 0.55859375 0.63515625 0.1015625 0.1125
0 0.7296875 0.6578125 0.13125 0.1453125
0 0.91171875 0.3859375 0.09375 0.1140625
0 0.93515625 0.740625 0.0625 0.0921875
2 0.23203125 0.51953125 0.4640625 0.5484375