1 0.26953125 0.41796875 0.2046875 0.259375
1 0.453125 0.41328125 0.19375 0.2375
1 0.33515625 0.88515625 0.1640625 0.2171875
1 0.1703125 0.659375 0.2125 0.25625
1 0.12578125 0.553125 0.1671875 0.23125
1 0.13359375 0.1546875 0.178125 0.2609375
1 0.63359375 0.43671875 0.175 0.2109375
1 0.80390625 0.515625 0.1984375 0.246875
1 0.675 0.20859375 0.1984375 0.246875
1 0.31484375 0.13046875 0.1984375 0.246875
1 0.94296875 0.3453125 0.1140625 0.240625
1 0.79609375 0.3921875 0.2015625 0.21875
1 0.59296875 0.2328125 0.1984375 0.2
1 0.71015625 0.91171875 0.1984375 0.1765625
2 0.55 0.715625 0.35625 0.4609375