1 0.3546875 0.309375 0.13125 0.19765625
1 0.8765625 0.34296875 0.13125 0.19765625
1 0.9328125 0.72421875 0.13125 0.19765625
1 0.31484375 0.52265625 0.1765625 0.21640625
1 0.47265625 0.471875 0.1578125 0.22265625
1 0.365625 0.71875 0.14375 0.225
1 0.7328125 0.621875 0.1625 0.22265625
1 0.13515625 0.59140625 0.1578125 0.20390625
1 0.215625 0.09296875 0.19375 0.18515625
1 0.61796875 0.92265625 0.1890625 0.15
1 0.62109375 0.42421875 0.1578125 0.22265625
1 0.91875 0.52265625 0.159375 0.15859375
1 0.159375 0.328125 0.1625 0.24375
1 0.19375 0.78828125 0.159375 0.22734375
0 0.31171875 0.87421875 0.0734375 0.09375
2 0.678125 0.16796875 0.34375 0.33515625