2 0.75 0.75 0.1875 0.24609375
1 0.371875 0.34375 0.1625 0.24609375
1 0.50390625 0.278125 0.1609375 0.18984375
1 0.47109375 0.45703125 0.1609375 0.18984375
1 0.49765625 0.50703125 0.1609375 0.18984375
1 0.90859375 0.39609375 0.1671875 0.25390625
1 0.93046875 0.50546875 0.1359375 0.21875
1 0.81484375 0.55546875 0.1359375 0.21875
1 0.76640625 0.49453125 0.1359375 0.21875
1 0.70703125 0.47578125 0.1359375 0.21875
1 0.63203125 0.43203125 0.1359375 0.21875
1 0.87890625 0.17578125 0.1359375 0.21875
1 0.81484375 0.16171875 0.1359375 0.21875
1 0.67421875 0.13828125 0.1359375 0.21875
1 0.21640625 0.88671875 0.1359375 0.18515625
1 0.08828125 0.75703125 0.1359375 0.18515625
1 0.09296875 0.24921875 0.1359375 0.18515625
1 0.09921875 0.3875 0.1578125 0.2125
1 0.13515625 0.46015625 0.1578125 0.2125
1 0.15078125 0.0875 0.1546875 0.15859375
1 0.25234375 0.10390625 0.1546875 0.15859375
1 0.27265625 0.14140625 0.1546875 0.15859375
1 0.92265625 0.80546875 0.1515625 0.21875
1 0.58828125 0.95234375 0.1453125 0.09140625
1 0.36640625 0.74375 0.1765625 0.22109375
1 0.31328125 0.61015625 0.1765625 0.22109375
1 0.23515625 0.575 0.1765625 0.22109375
0 0.2375 0.27734375 0.065625 0.09609375
0 0.59296875 0.16875 0.0515625 0.07890625
1 0.07890625 0.61796875 0.1578125 0.20625