1 0.7203125 0.16171875 0.19375 0.2234375
1 0.88046875 0.19921875 0.19375 0.2234375
1 0.68984375 0.4265625 0.19375 0.2234375
1 0.375 0.784375 0.209375 0.24375
1 0.2953125 0.56640625 0.2234375 0.2796875
1 0.3328125 0.19296875 0.1796875 0.2296875
1 0.72109375 0.8671875 0.2234375 0.265625
1 0.61328125 0.93515625 0.1796875 0.1296875
1 0.87734375 0.6 0.209375 0.19375
1 0.1640625 0.1375 0.221875 0.275
1 0.490625 0.0859375 0.165625 0.171875
1 0.2828125 0.73203125 0.2125 0.215625
1 0.56171875 0.79765625 0.203125 0.259375
2 0.4625 0.38671875 0.3828125 0.48125