1 0.84140625 0.62890625 0.203125 0.2625
1 0.74375 0.32109375 0.18125 0.2640625
1 0.265625 0.6125 0.15625 0.2234375
1 0.55 0.8390625 0.15625 0.2234375
1 0.83359375 0.87734375 0.16875 0.21875
1 0.07578125 0.32421875 0.1515625 0.2203125
1 0.32734375 0.4125 0.16875 0.2203125
1 0.23203125 0.26171875 0.1875 0.2125
1 0.40546875 0.2359375 0.1875 0.2125
1 0.91171875 0.28046875 0.1625 0.215625
1 0.71015625 0.7640625 0.1625 0.215625
1 0.21640625 0.1328125 0.1515625 0.1609375
1 0.1203125 0.8765625 0.209375 0.21875
1 0.39453125 0.66484375 0.1234375 0.2828125
1 0.6015625 0.1453125 0.1703125 0.2234375
1 0.10546875 0.553125 0.1703125 0.2234375
1 0.896875 0.0734375 0.165625 0.146875
0 0.70078125 0.05234375 0.0921875 0.1046875
0 0.47890625 0.1453125 0.0578125 0.05
2 0.55390625 0.48515625 0.4015625 0.471875