2 0.75390625 0.3515625 0.4921875 0.665625
1 0.15 0.303125 0.253125 0.25
1 0.353125 0.5484375 0.1890625 0.2125
1 0.44375 0.48125 0.1890625 0.2125
1 0.5078125 0.234375 0.225 0.3421875
1 0.37734375 0.2625 0.1921875 0.2296875
1 0.390625 0.1171875 0.1921875 0.2296875
1 0.2640625 0.7515625 0.2390625 0.265625
1 0.325 0.91875 0.23125 0.1625
1 0.61796875 0.6609375 0.2234375 0.228125
1 0.478125 0.70546875 0.271875 0.30625
1 0.90390625 0.61640625 0.1921875 0.2921875
1 0.94296875 0.790625 0.1140625 0.23125
1 0.57578125 0.92109375 0.1953125 0.1578125
1 0.73671875 0.8078125 0.2625 0.28125
0 0.17421875 0.17109375 0.0796875 0.084375
1 0.209375 0.66328125 0.1890625 0.2125
1 0.61015625 0.0796875 0.1890625 0.159375