1 0.7140625 0.140625 0.1609375 0.196875
1 0.9109375 0.21171875 0.140625 0.190625
1 0.2828125 0.27421875 0.1546875 0.2390625
1 0.36640625 0.82421875 0.1453125 0.2203125
1 0.10625 0.93984375 0.134375 0.1203125
1 0.49609375 0.10546875 0.1734375 0.2109375
1 0.38046875 0.084375 0.115625 0.153125
1 0.7078125 0.53671875 0.1765625 0.190625
1 0.84375 0.47890625 0.1765625 0.190625
1 0.37265625 0.60234375 0.1859375 0.2265625
1 0.46484375 0.62734375 0.190625 0.2421875
1 0.08359375 0.43359375 0.1671875 0.2265625
0 0.8953125 0.825 0.078125 0.121875
0 0.4375 0.93984375 0.1 0.1
2 0.71953125 0.8296875 0.353125 0.3296875