2 0.40234375 0.7375 0.2359375 0.29140625
1 0.33125 0.45 0.165625 0.25859375
1 0.08125 0.1875 0.1625 0.25859375
1 0.22109375 0.32890625 0.1671875 0.23359375
1 0.1453125 0.46484375 0.165625 0.23359375
1 0.21015625 0.60234375 0.1671875 0.23359375
1 0.13125 0.65625 0.165625 0.23359375
1 0.07890625 0.81953125 0.1578125 0.20625
1 0.53515625 0.915625 0.1609375 0.16484375
1 0.6765625 0.76640625 0.165625 0.20859375
1 0.771875 0.759375 0.121875 0.22265625
1 0.8359375 0.709375 0.18125 0.26875
1 0.94140625 0.61875 0.1140625 0.22890625
1 0.93515625 0.903125 0.1265625 0.18984375
1 0.86640625 0.29140625 0.1609375 0.18359375
1 0.70703125 0.3 0.2484375 0.25859375
1 0.55546875 0.090625 0.1609375 0.18125
1 0.45859375 0.39375 0.1609375 0.18359375
1 0.57265625 0.58125 0.1609375 0.18359375
0 0.2546875 0.746875 0.05625 0.09375
0 0.1953125 0.778125 0.05625 0.09375
0 0.29375 0.90546875 0.05625 0.09375
1 0.2203125 0.07890625 0.184375 0.1578125