1 0.46484375 0.89140625 0.1984375 0.2171875
1 0.62109375 0.75234375 0.228125 0.2515625
1 0.7640625 0.5984375 0.1578125 0.2
1 0.8234375 0.78828125 0.1828125 0.2078125
1 0.9171875 0.78125 0.1359375 0.171875
1 0.940625 0.621875 0.11875 0.240625
1 0.24921875 0.5140625 0.1953125 0.2546875
1 0.16484375 0.878125 0.1953125 0.24375
1 0.15078125 0.71796875 0.196875 0.2421875
1 0.32578125 0.7140625 0.2046875 0.2296875
1 0.2890625 0.8375 0.1734375 0.190625
1 0.3046875 0.38125 0.1953125 0.2546875
1 0.49140625 0.11484375 0.2109375 0.2296875
1 0.82734375 0.1359375 0.1953125 0.2671875
1 0.15078125 0.23671875 0.2390625 0.2625
2 0.56875 0.43359375 0.4125 0.5421875