2 0.43359375 0.59140625 0.4453125 0.4859375
1 0.85703125 0.7265625 0.2078125 0.2375
1 0.83359375 0.5203125 0.2078125 0.2375
1 0.6625 0.82734375 0.2078125 0.2375
1 0.3625 0.86875 0.184375 0.221875
1 0.15546875 0.9078125 0.1765625 0.184375
1 0.2953125 0.95 0.18125 0.1
1 0.94921875 0.6953125 0.1015625 0.240625
1 0.96015625 0.8140625 0.0796875 0.18125
1 0.628125 0.2203125 0.1875 0.2359375
1 0.84609375 0.16796875 0.178125 0.190625
1 0.0640625 0.284375 0.128125 0.240625
1 0.090625 0.60390625 0.18125 0.2359375
1 0.24296875 0.17421875 0.1890625 0.2359375
1 0.65 0.43125 0.1890625 0.2359375
1 0.4125 0.0984375 0.2125 0.196875
1 0.50234375 0.26796875 0.2125 0.2078125
1 0.771875 0.32734375 0.2171875 0.225
1 0.14140625 0.45390625 0.2171875 0.240625
1 0.3046875 0.31328125 0.1875 0.2109375