1 0.56328125 0.24375 0.1921875 0.2125
1 0.82265625 0.28125 0.1921875 0.2125
1 0.81015625 0.40625 0.1921875 0.2125
1 0.740625 0.628125 0.190625 0.17734375
1 0.3671875 0.509375 0.15 0.21875
1 0.2109375 0.59921875 0.15 0.21875
1 0.1171875 0.20703125 0.15 0.21875
1 0.43515625 0.91171875 0.1609375 0.17265625
1 0.3921875 0.30546875 0.159375 0.18984375
1 0.52421875 0.684375 0.1671875 0.21015625
1 0.93515625 0.80390625 0.1265625 0.2375
1 0.0875 0.85390625 0.171875 0.21640625
2 0.70234375 0.84609375 0.3359375 0.3