1 0.6234375 0.3078125 0.2671875 0.2234375
1 0.6375 0.62734375 0.18125 0.2046875
1 0.40703125 0.7203125 0.1890625 0.2078125
1 0.48984375 0.59140625 0.1890625 0.2078125
1 0.74921875 0.65234375 0.196875 0.2578125
1 0.3015625 0.5390625 0.1921875 0.2375
1 0.484375 0.1734375 0.1890625 0.2078125
1 0.578125 0.10625 0.1890625 0.2078125
1 0.72734375 0.16171875 0.2015625 0.25625
1 0.0859375 0.5890625 0.171875 0.209375
1 0.028125 0.2078125 0.05625 0.228125
1 0.17890625 0.93203125 0.1890625 0.1359375
1 0.9109375 0.34453125 0.1609375 0.1984375
1 0.94765625 0.65390625 0.1046875 0.1984375
1 0.90625 0.85390625 0.178125 0.1640625
1 0.21015625 0.41484375 0.1984375 0.24375
2 0.2453125 0.15234375 0.2671875 0.25625
0 0.08203125 0.496875 0.05625 0.0625