1 0.28984375 0.6796875 0.196875 0.2296875
1 0.0953125 0.38984375 0.190625 0.2296875
1 0.45703125 0.1921875 0.196875 0.2296875
1 0.62734375 0.26171875 0.1765625 0.2140625
1 0.7546875 0.18203125 0.1765625 0.2140625
1 0.83359375 0.359375 0.175 0.21875
1 0.24921875 0.1046875 0.1671875 0.196875
1 0.44765625 0.43671875 0.19375 0.19375
1 0.9125 0.1671875 0.1546875 0.203125
1 0.57421875 0.5015625 0.1796875 0.2015625
1 0.40859375 0.57578125 0.1796875 0.2265625
1 0.36640625 0.8109375 0.15625 0.2140625
1 0.7921875 0.53125 0.2140625 0.1484375
2 0.6984375 0.7421875 0.25625 0.30625
0 0.46484375 0.8953125 0.0609375 0.0734375
0 0.8796875 0.7421875 0.05 0.0625