1 0.90625 0.7171875 0.1875 0.290625
1 0.49140625 0.87578125 0.2140625 0.2484375
1 0.1515625 0.6828125 0.221875 0.265625
1 0.1546875 0.4765625 0.2296875 0.2484375
1 0.046875 0.25625 0.09375 0.278125
1 0.14609375 0.23984375 0.18125 0.2609375
1 0.303125 0.1359375 0.228125 0.246875
1 0.3265625 0.33671875 0.2109375 0.2203125
1 0.534375 0.26328125 0.2109375 0.2203125
1 0.3421875 0.553125 0.1796875 0.2265625
1 0.26171875 0.92578125 0.1828125 0.1484375
1 0.690625 0.89765625 0.1796875 0.1734375
1 0.71953125 0.725 0.2015625 0.2203125
1 0.8703125 0.2796875 0.234375 0.259375
2 0.52421875 0.565625 0.4 0.5203125