1 0.5703125 0.86796875 0.1875 0.1953125
1 0.13984375 0.690625 0.1984375 0.2171875
1 0.1453125 0.46953125 0.1734375 0.2
1 0.25859375 0.4734375 0.190625 0.2703125
1 0.4078125 0.43828125 0.0921875 0.28125
1 0.4609375 0.3296875 0.1640625 0.2265625
1 0.1625 0.15078125 0.171875 0.23125
1 0.5984375 0.65625 0.2390625 0.2
1 0.87109375 0.60625 0.1734375 0.2578125
1 0.4140625 0.07890625 0.203125 0.1578125
1 0.30546875 0.2140625 0.1421875 0.2421875
1 0.2625 0.8578125 0.1890625 0.225
2 0.7265625 0.37109375 0.5453125 0.540625