1 0.34453125 0.50390625 0.1515625 0.20390625
1 0.63515625 0.54609375 0.1515625 0.20390625
1 0.72265625 0.57890625 0.1515625 0.20390625
1 0.65234375 0.81484375 0.1703125 0.23359375
1 0.45859375 0.66640625 0.1703125 0.23359375
1 0.328125 0.865625 0.1625 0.20234375
1 0.16875 0.91875 0.184375 0.14609375
1 0.2890625 0.16640625 0.196875 0.275
1 0.075 0.69140625 0.15 0.20390625
1 0.87421875 0.44765625 0.1515625 0.20390625
1 0.5703125 0.91015625 0.1375 0.175
1 0.1609375 0.56640625 0.1625 0.17890625
1 0.09609375 0.359375 0.1671875 0.19375
1 0.13203125 0.07421875 0.1671875 0.14765625
2 0.47890625 0.28984375 0.2609375 0.275