2 0.30625 0.690625 0.28125 0.37734375
1 0.409375 0.32578125 0.175 0.21484375
1 0.3453125 0.37578125 0.175 0.21484375
1 0.7046875 0.46171875 0.146875 0.21484375
1 0.846875 0.32578125 0.175 0.21484375
1 0.92421875 0.771875 0.1484375 0.23515625
1 0.47890625 0.88359375 0.1484375 0.22890625
1 0.06796875 0.65 0.1359375 0.19609375
1 0.0765625 0.39375 0.153125 0.21640625
1 0.1703125 0.2875 0.15625 0.21640625
1 0.56875 0.16015625 0.2 0.2375
1 0.69453125 0.23515625 0.1515625 0.225
1 0.921875 0.61484375 0.15 0.225
1 0.6578125 0.45390625 0.096875 0.2125
1 0.73203125 0.08203125 0.1515625 0.1640625
1 0.82421875 0.08203125 0.1515625 0.1640625
0 0.2796875 0.22421875 0.05625 0.07265625
1 0.803125 0.65546875 0.146875 0.21484375
1 0.24609375 0.08828125 0.1609375 0.1765625
1 0.21328125 0.9 0.2109375 0.18359375