1 0.4328125 0.64765625 0.159375 0.19609375
1 0.16015625 0.53671875 0.1734375 0.19765625
1 0.31640625 0.465625 0.2109375 0.23984375
1 0.6921875 0.68671875 0.175 0.23125
1 0.85546875 0.69921875 0.1796875 0.21015625
1 0.615625 0.28984375 0.165625 0.2
1 0.7484375 0.26015625 0.165625 0.2
1 0.7453125 0.45234375 0.165625 0.2
1 0.2734375 0.26015625 0.165625 0.2
1 0.1296875 0.234375 0.16875 0.21875
1 0.93203125 0.16484375 0.1328125 0.20390625
1 0.46171875 0.89453125 0.1546875 0.18515625
2 0.46796875 0.12734375 0.3359375 0.25390625
0 0.0484375 0.14921875 0.053125 0.08125
0 0.78984375 0.878125 0.0609375 0.06875