1 0.2953125 0.83671875 0.165625 0.21015625
1 0.4171875 0.565625 0.159375 0.24375
1 0.51484375 0.31953125 0.1578125 0.20625
1 0.70390625 0.26640625 0.1703125 0.19609375
1 0.84765625 0.11875 0.1859375 0.23359375
1 0.91875 0.81328125 0.159375 0.21484375
1 0.17578125 0.63828125 0.2046875 0.26484375
1 0.08984375 0.49140625 0.1796875 0.24609375
1 0.709375 0.81015625 0.178125 0.22890625
1 0.5515625 0.15625 0.178125 0.22890625
1 0.0703125 0.77421875 0.140625 0.22734375
2 0.79921875 0.55234375 0.3140625 0.37109375
0 0.16953125 0.82109375 0.0734375 0.08359375