1 0.70546875 0.24375 0.1546875 0.20859375
1 0.29765625 0.52265625 0.1671875 0.2125
1 0.5125 0.315625 0.128125 0.19765625
1 0.58046875 0.45078125 0.1640625 0.25234375
1 0.41328125 0.18828125 0.1359375 0.21484375
1 0.73671875 0.62109375 0.1984375 0.22890625
1 0.86171875 0.32890625 0.1984375 0.25
1 0.15703125 0.40390625 0.2078125 0.1625
1 0.10234375 0.85625 0.1578125 0.19609375
1 0.12109375 0.08828125 0.1328125 0.1765625
1 0.2921875 0.21015625 0.15625 0.2375
1 0.58515625 0.08125 0.1765625 0.1625
1 0.940625 0.84296875 0.115625 0.23984375
2 0.43671875 0.78359375 0.3703125 0.42890625