1 0.43125 0.23203125 0.1828125 0.240625
1 0.1078125 0.27109375 0.18125 0.2390625
1 0.3046875 0.11171875 0.253125 0.2234375
1 0.3859375 0.45234375 0.1953125 0.265625
1 0.31796875 0.890625 0.18125 0.1828125
1 0.203125 0.73828125 0.2359375 0.26875
1 0.821875 0.44453125 0.1921875 0.2359375
1 0.8875 0.61328125 0.225 0.2828125
1 0.6546875 0.553125 0.1953125 0.2390625
1 0.49609375 0.8875 0.2296875 0.225
1 0.68359375 0.2390625 0.215625 0.2546875
0 0.87890625 0.271875 0.075 0.09375
2 0.76171875 0.83359375 0.3984375 0.3328125