1 0.2453125 0.22265625 0.190625 0.20390625
1 0.4140625 0.18359375 0.165625 0.2125
1 0.26328125 0.63515625 0.1734375 0.21640625
1 0.90703125 0.52890625 0.1671875 0.19140625
1 0.56484375 0.29140625 0.1671875 0.19140625
1 0.6125 0.275 0.15625 0.16640625
1 0.7703125 0.19609375 0.15625 0.16640625
1 0.10234375 0.51796875 0.2015625 0.26015625
1 0.23046875 0.86171875 0.1640625 0.21875
1 0.73515625 0.734375 0.1515625 0.18515625
1 0.8609375 0.88125 0.190625 0.23359375
1 0.3734375 0.378125 0.184375 0.20234375
1 0.5375 0.83671875 0.175 0.20625
1 0.0640625 0.16328125 0.128125 0.23125
2 0.534375 0.5375 0.228125 0.27890625
0 0.16015625 0.38515625 0.0703125 0.075