1 0.35625 0.83828125 0.2359375 0.2796875
1 0.67265625 0.3453125 0.2359375 0.2796875
1 0.840625 0.22890625 0.2359375 0.2796875
1 0.9140625 0.50078125 0.171875 0.2359375
1 0.90390625 0.73046875 0.1921875 0.2546875
1 0.75859375 0.83828125 0.2015625 0.2546875
1 0.58203125 0.8671875 0.2015625 0.2546875
1 0.5359375 0.684375 0.24375 0.2375
1 0.09609375 0.47265625 0.1921875 0.2765625
1 0.28125 0.6265625 0.2125 0.2140625
1 0.4875 0.14453125 0.175 0.23125
1 0.0890625 0.27578125 0.178125 0.2453125
1 0.31875 0.1015625 0.178125 0.18125
1 0.6625 0.071875 0.178125 0.14375
2 0.40234375 0.38828125 0.503125 0.534375