1 0.15546875 0.6484375 0.184375 0.2671875
1 0.53515625 0.2296875 0.184375 0.2671875
1 0.34140625 0.42109375 0.2234375 0.2203125
1 0.7828125 0.56953125 0.165625 0.21875
1 0.8734375 0.43828125 0.165625 0.21875
1 0.78515625 0.1875 0.178125 0.28125
1 0.10390625 0.24765625 0.1921875 0.271875
1 0.2078125 0.0890625 0.175 0.178125
1 0.928125 0.2671875 0.14375 0.21875
1 0.91171875 0.675 0.1671875 0.23125
2 0.475 0.73828125 0.390625 0.5234375
0 0.27109375 0.759375 0.065625 0.0796875
0 0.14375 0.390625 0.0890625 0.103125