1 0.69375 0.56484375 0.15625 0.20859375
1 0.14296875 0.33984375 0.1421875 0.2
1 0.28046875 0.32734375 0.1265625 0.22109375
1 0.2015625 0.86015625 0.146875 0.175
1 0.76953125 0.71796875 0.0765625 0.30625
1 0.909375 0.69765625 0.15 0.19609375
1 0.64453125 0.753125 0.1890625 0.22265625
1 0.8265625 0.29140625 0.146875 0.1875
1 0.90234375 0.26875 0.1546875 0.17890625
1 0.6296875 0.23828125 0.146875 0.20234375
1 0.0953125 0.63203125 0.134375 0.19765625
1 0.08671875 0.72890625 0.1421875 0.19140625
1 0.49921875 0.31875 0.1171875 0.21640625
2 0.365625 0.71640625 0.3375 0.39140625