1 0.578125 0.49609375 0.171875 0.15390625
1 0.646875 0.14375 0.140625 0.22109375
1 0.36328125 0.11796875 0.1796875 0.23125
1 0.075 0.61875 0.15 0.275
1 0.2171875 0.56171875 0.1625 0.22265625
1 0.39375 0.49453125 0.159375 0.18515625
1 0.6671875 0.6875 0.15 0.24140625
1 0.803125 0.59921875 0.140625 0.31015625
1 0.93515625 0.59140625 0.1265625 0.30390625
1 0.8875 0.26015625 0.175 0.2125
1 0.63984375 0.33125 0.1765625 0.18359375
1 0.70546875 0.90625 0.1765625 0.18359375
0 0.228125 0.36953125 0.0625 0.09375
2 0.37890625 0.78359375 0.3484375 0.42890625