1 0.13125 0.72109375 0.2078125 0.24375
1 0.58984375 0.88125 0.2078125 0.2375
1 0.778125 0.75390625 0.2171875 0.2625
1 0.9078125 0.3546875 0.18125 0.2484375
1 0.74296875 0.36328125 0.190625 0.2296875
1 0.5015625 0.5578125 0.2078125 0.246875
1 0.471875 0.38203125 0.2125 0.28125
1 0.3609375 0.2671875 0.2171875 0.221875
1 0.4625 0.11796875 0.225 0.2359375
1 0.28984375 0.5703125 0.26875 0.3234375
1 0.8359375 0.5578125 0.25625 0.2828125
1 0.4625 0.74609375 0.2078125 0.24375
2 0.7015625 0.1375 0.384375 0.275