2 0.4984375 0.5875 0.284375 0.3390625
1 0.30234375 0.43046875 0.196875 0.2265625
1 0.28828125 0.85625 0.228125 0.246875
1 0.0609375 0.4953125 0.121875 0.2375
1 0.109375 0.37265625 0.21875 0.2453125
1 0.10703125 0.21640625 0.2140625 0.2453125
1 0.484375 0.096875 0.15 0.19375
1 0.5046875 0.25234375 0.234375 0.2359375
1 0.39921875 0.29296875 0.2484375 0.278125
1 0.5171875 0.88828125 0.228125 0.2234375
1 0.67265625 0.68828125 0.18125 0.2140625
1 0.6875 0.49765625 0.18125 0.2140625
1 0.86171875 0.8484375 0.1828125 0.184375
1 0.671875 0.08984375 0.234375 0.1796875
0 0.6734375 0.81796875 0.084375 0.09375
0 0.45390625 0.7640625 0.084375 0.09375
1 0.92890625 0.61640625 0.1421875 0.2546875
1 0.9125 0.28203125 0.1421875 0.234375
1 0.82578125 0.171875 0.190625 0.2484375