1 0.59140625 0.88359375 0.2546875 0.2328125
1 0.6921875 0.29921875 0.225 0.2328125
1 0.90625 0.34609375 0.1765625 0.221875
1 0.52890625 0.484375 0.184375 0.2265625
1 0.42421875 0.90859375 0.1765625 0.1828125
1 0.45546875 0.70234375 0.1671875 0.2015625
1 0.07890625 0.1875 0.1578125 0.225
1 0.27109375 0.6359375 0.184375 0.2078125
1 0.925 0.53203125 0.15 0.2078125
1 0.95859375 0.71171875 0.0828125 0.2015625
1 0.62578125 0.465625 0.1546875 0.1796875
2 0.38046875 0.25390625 0.2765625 0.309375
0 0.41953125 0.44921875 0.059375 0.06875
0 0.8125 0.4140625 0.059375 0.06875