2 0.42421875 0.25234375 0.3953125 0.5046875
1 0.62265625 0.39453125 0.140625 0.215625
1 0.6671875 0.16171875 0.175 0.2578125
1 0.79296875 0.28046875 0.1765625 0.1890625
1 0.9296875 0.24921875 0.140625 0.2203125
1 0.8078125 0.11171875 0.178125 0.171875
1 0.6828125 0.875 0.196875 0.228125
1 0.44609375 0.91875 0.1859375 0.1625
1 0.08515625 0.85859375 0.1703125 0.1984375
1 0.0765625 0.6234375 0.153125 0.240625
1 0.21015625 0.20078125 0.1875 0.240625
1 0.46328125 0.5234375 0.1875 0.240625
1 0.2046875 0.68359375 0.1984375 0.209375
1 0.93828125 0.4484375 0.1234375 0.221875
0 0.45078125 0.809375 0.08125 0.0859375
1 0.6640625 0.54296875 0.196875 0.228125