1 0.79296875 0.16328125 0.2171875 0.2765625
1 0.83828125 0.8203125 0.20625 0.2359375
1 0.30625 0.278125 0.221875 0.2828125
1 0.1671875 0.18203125 0.2359375 0.2546875
1 0.0546875 0.21953125 0.109375 0.2359375
1 0.47421875 0.11015625 0.2234375 0.2203125
1 0.2234375 0.72265625 0.209375 0.2390625
1 0.33984375 0.92890625 0.1890625 0.1421875
0 0.91796875 0.6828125 0.096875 0.103125
0 0.403125 0.7140625 0.0703125 0.0875
2 0.52421875 0.3921875 0.453125 0.521875
1 0.63359375 0.875 0.2171875 0.2390625
1 0.9421875 0.7984375 0.115625 0.18125