1 0.80546875 0.384375 0.2015625 0.234375
1 0.5984375 0.89609375 0.21875 0.2078125
1 0.44453125 0.903125 0.2078125 0.19375
1 0.240625 0.87265625 0.209375 0.19375
1 0.8765625 0.66328125 0.184375 0.20625
1 0.4125 0.2515625 0.196875 0.2375
1 0.56875 0.23984375 0.196875 0.2375
1 0.9421875 0.18984375 0.115625 0.2046875
1 0.6109375 0.5640625 0.2578125 0.3015625
1 0.50078125 0.09140625 0.1890625 0.1828125
1 0.39453125 0.0796875 0.1890625 0.159375
1 0.2625 0.38828125 0.1890625 0.2078125
1 0.0796875 0.8328125 0.159375 0.1875
2 0.4046875 0.64453125 0.4296875 0.421875
0 0.678125 0.9703125 0.071875 0.059375