1 0.11875 0.2796875 0.1640625 0.209375
1 0.40859375 0.6640625 0.1328125 0.1796875
1 0.85625 0.615625 0.1640625 0.2
1 0.25625 0.790625 0.1640625 0.2
1 0.8203125 0.3859375 0.16875 0.234375
1 0.93515625 0.18359375 0.1296875 0.1796875
1 0.81015625 0.0859375 0.15625 0.159375
1 0.55859375 0.05078125 0.1625 0.0984375
1 0.34140625 0.040625 0.1578125 0.08125
1 0.065625 0.77890625 0.13125 0.1734375
2 0.4359375 0.33125 0.2484375 0.3140625
1 0.25859375 0.2796875 0.134375 0.2140625
1 0.23671875 0.4453125 0.134375 0.2140625
1 0.62421875 0.5703125 0.14375 0.234375
1 0.51640625 0.68828125 0.1453125 0.2