1 0.03515625 0.715625 0.0703125 0.21875
1 0.1109375 0.59296875 0.2078125 0.2484375
1 0.26875 0.51171875 0.2078125 0.2484375
1 0.23046875 0.82265625 0.2078125 0.2484375
1 0.37265625 0.690625 0.1890625 0.225
1 0.434375 0.87265625 0.190625 0.2546875
1 0.73828125 0.68515625 0.2203125 0.2578125
1 0.74609375 0.43984375 0.21875 0.2609375
1 0.25625 0.15625 0.2078125 0.2578125
1 0.821875 0.2 0.2078125 0.2578125
1 0.553125 0.6625 0.2203125 0.2578125
1 0.6453125 0.91328125 0.196875 0.1734375
1 0.86328125 0.87890625 0.1703125 0.2421875
2 0.46796875 0.29296875 0.45 0.53125
0 0.8859375 0.47109375 0.1515625 0.16875
0 0.93125 0.11875 0.0859375 0.0890625