2 0.6953125 0.4796875 0.2671875 0.278125
1 0.81796875 0.79609375 0.1484375 0.278125
1 0.56875 0.31953125 0.1578125 0.2078125
1 0.38671875 0.2375 0.1578125 0.2078125
1 0.07890625 0.45859375 0.1578125 0.2703125
1 0.0734375 0.67890625 0.146875 0.2703125
1 0.05390625 0.87265625 0.1078125 0.2140625
1 0.65859375 0.915625 0.1796875 0.16875
1 0.47578125 0.9171875 0.2390625 0.165625
1 0.4375 0.60078125 0.1796875 0.184375
1 0.74453125 0.12578125 0.26875 0.21875
0 0.33125 0.5828125 0.08125 0.0796875
0 0.97890625 0.39921875 0.0421875 0.0828125
1 0.2296875 0.3921875 0.1875 0.275
1 0.303125 0.1703125 0.1578125 0.2078125
1 0.22109375 0.0953125 0.1671875 0.190625