1 0.4578125 0.4 0.2 0.20859375
1 0.45546875 0.08671875 0.1734375 0.17265625
1 0.29453125 0.24765625 0.1734375 0.175
1 0.19609375 0.19453125 0.1453125 0.17265625
1 0.846875 0.08125 0.15 0.1625
1 0.23671875 0.50859375 0.1453125 0.175
1 0.70859375 0.88359375 0.1453125 0.175
1 0.79140625 0.86484375 0.1453125 0.175
1 0.43359375 0.87109375 0.1453125 0.175
1 0.8125 0.278125 0.15625 0.22734375
1 0.6703125 0.07421875 0.1625 0.14765625
1 0.10625 0.42578125 0.15625 0.21015625
2 0.46875 0.67578125 0.190625 0.26484375
0 0.65625 0.190625 0.059375 0.08515625
0 0.4375 0.19453125 0.059375 0.08515625