1 0.57421875 0.72734375 0.1859375 0.2125
1 0.41171875 0.78671875 0.1421875 0.196875
1 0.38984375 0.57578125 0.1421875 0.196875
1 0.28203125 0.40078125 0.1421875 0.196875
1 0.665625 0.66640625 0.125 0.165625
1 0.22421875 0.09375 0.1546875 0.184375
1 0.51015625 0.09765625 0.1796875 0.190625
1 0.90234375 0.09765625 0.1796875 0.190625
1 0.13984375 0.79296875 0.1796875 0.20625
1 0.31171875 0.91796875 0.2078125 0.1640625
1 0.07265625 0.1875 0.1421875 0.2125
1 0.05546875 0.44609375 0.1078125 0.275
1 0.8515625 0.69921875 0.178125 0.25625
1 0.878125 0.29453125 0.178125 0.25625
2 0.725 0.37890625 0.2 0.278125
0 0.5078125 0.55625 0.06875 0.084375
0 0.590625 0.42265625 0.06875 0.084375
1 0.19921875 0.421875 0.1015625 0.178125