1 0.71875 0.19375 0.2140625 0.225
1 0.546875 0.17578125 0.190625 0.23125
1 0.7515625 0.60546875 0.1984375 0.2359375
1 0.09921875 0.578125 0.1890625 0.2109375
1 0.41015625 0.30078125 0.1890625 0.2109375
1 0.3609375 0.290625 0.175 0.184375
1 0.19453125 0.23125 0.175 0.184375
1 0.890625 0.46953125 0.21875 0.2828125
1 0.81171875 0.8265625 0.1890625 0.2375
1 0.2953125 0.7609375 0.1734375 0.2015625
1 0.18828125 0.89765625 0.2171875 0.2046875
1 0.6109375 0.36328125 0.2078125 0.2234375
1 0.50390625 0.8390625 0.1984375 0.2265625
1 0.89140625 0.1171875 0.1546875 0.234375
2 0.4703125 0.54140625 0.2609375 0.3046875
0 0.8234375 0.34453125 0.0796875 0.0828125