1 0.09609375 0.59296875 0.1328125 0.17734375
1 0.40234375 0.625 0.1796875 0.16640625
1 0.484375 0.30703125 0.2 0.27265625
1 0.6 0.75703125 0.1375 0.21015625
1 0.20390625 0.303125 0.1515625 0.19375
1 0.7796875 0.6 0.1375 0.22890625
1 0.7859375 0.07265625 0.1375 0.1453125
1 0.24609375 0.53046875 0.1984375 0.25234375
0 0.17578125 0.85703125 0.2234375 0.28125
0 0.38671875 0.39453125 0.0765625 0.09375
0 0.57734375 0.453125 0.0796875 0.08515625
0 0.3046875 0.1 0.059375 0.0625
1 0.678125 0.76796875 0.1375 0.21015625
1 0.296875 0.32734375 0.15625 0.225