2 0.31640625 0.57109375 0.2703125 0.35390625
0 0.1703125 0.41953125 0.065625 0.07734375
0 0.1328125 0.459375 0.065625 0.07734375
0 0.54921875 0.03046875 0.0609375 0.06015625
1 0.21796875 0.84765625 0.1921875 0.2125
1 0.86953125 0.11796875 0.1953125 0.23515625
1 0.64609375 0.82109375 0.1921875 0.28359375
1 0.790625 0.73984375 0.18125 0.15390625
1 0.540625 0.30859375 0.175 0.1875
1 0.415625 0.25 0.175 0.1875
1 0.409375 0.82109375 0.175 0.1875
1 0.4859375 0.728125 0.184375 0.21875
1 0.92421875 0.88125 0.1453125 0.23359375
1 0.85703125 0.57109375 0.2109375 0.21640625
1 0.875 0.42109375 0.18125 0.17890625
1 0.671875 0.390625 0.18125 0.19375
1 0.26640625 0.34921875 0.1984375 0.19765625
1 0.12265625 0.21953125 0.1984375 0.19765625