1 0.30546875 0.29609375 0.2234375 0.2671875
1 0.22734375 0.115625 0.2015625 0.23125
1 0.45859375 0.2390625 0.1484375 0.228125
1 0.4109375 0.46171875 0.21875 0.2609375
1 0.33828125 0.6578125 0.1921875 0.2328125
1 0.52734375 0.63046875 0.215625 0.25
1 0.80390625 0.89375 0.2484375 0.2125
1 0.10390625 0.503125 0.2 0.24375
1 0.1203125 0.6609375 0.240625 0.29375
1 0.5921875 0.41015625 0.20625 0.240625
1 0.87265625 0.25234375 0.240625 0.2171875
1 0.6546875 0.11171875 0.2109375 0.209375
1 0.5078125 0.0859375 0.178125 0.171875
1 0.58828125 0.87890625 0.2328125 0.2421875
0 0.215625 0.6515625 0.0609375 0.06875
0 0.27109375 0.82734375 0.0828125 0.096875
2 0.765625 0.55625 0.46875 0.60625