1 0.878125 0.86875 0.2046875 0.2578125
1 0.65390625 0.45078125 0.2046875 0.2578125
1 0.3765625 0.10546875 0.196875 0.2109375
1 0.50234375 0.3 0.196875 0.228125
1 0.30703125 0.49296875 0.19375 0.2984375
1 0.08515625 0.19609375 0.14375 0.2515625
1 0.1109375 0.91171875 0.1921875 0.1296875
1 0.859375 0.51484375 0.2046875 0.2578125
1 0.70703125 0.19453125 0.1796875 0.196875
1 0.50234375 0.94765625 0.1734375 0.1046875
1 0.2953125 0.328125 0.21875 0.228125
1 0.18125 0.53828125 0.1859375 0.2578125
0 0.50078125 0.73515625 0.0515625 0.0671875
0 0.87421875 0.16640625 0.0625 0.090625
2 0.35 0.81953125 0.2875 0.3546875