1 0.73828125 0.44921875 0.20625 0.25
1 0.42109375 0.1421875 0.1828125 0.1859375
1 0.159375 0.90390625 0.184375 0.1921875
1 0.27109375 0.4203125 0.184375 0.2125
1 0.665625 0.63515625 0.184375 0.2125
1 0.0890625 0.61875 0.178125 0.2375
1 0.47578125 0.6453125 0.184375 0.2125
1 0.9140625 0.7609375 0.171875 0.2125
1 0.74921875 0.90703125 0.15625 0.1671875
1 0.06796875 0.30234375 0.1359375 0.2015625
2 0.48828125 0.3828125 0.2140625 0.3125
0 0.09765625 0.18671875 0.0453125 0.0609375
0 0.11640625 0.0796875 0.0453125 0.0859375