2 0.315625 0.4328125 0.2984375 0.3078125
1 0.1203125 0.71015625 0.184375 0.2921875
1 0.4765625 0.30859375 0.1828125 0.225
1 0.6734375 0.27265625 0.1828125 0.225
1 0.9109375 0.56171875 0.178125 0.2859375
1 0.878125 0.7796875 0.1953125 0.2859375
1 0.853125 0.9296875 0.159375 0.140625
1 0.24375 0.87109375 0.2 0.2015625
1 0.42109375 0.90703125 0.2578125 0.1859375
1 0.5359375 0.6125 0.2 0.2046875
1 0.35390625 0.1015625 0.2921875 0.203125
0 0.64375 0.62109375 0.090625 0.0890625
0 0.05546875 0.28515625 0.059375 0.0890625
1 0.78828125 0.4609375 0.2203125 0.2953125
1 0.77109375 0.228125 0.1828125 0.225
1 0.8703125 0.1671875 0.1921875 0.2265625