1 0.2984375 0.35234375 0.203125 0.225
1 0.240625 0.79140625 0.2390625 0.2578125
1 0.49296875 0.8328125 0.1953125 0.275
1 0.88515625 0.36015625 0.203125 0.2671875
1 0.80078125 0.4234375 0.2203125 0.29375
1 0.6859375 0.7140625 0.2046875 0.2703125
1 0.64375 0.17265625 0.2265625 0.2625
1 0.50703125 0.23046875 0.2171875 0.21875
1 0.79375 0.09921875 0.24375 0.1984375
1 0.27109375 0.13828125 0.2140625 0.225
1 0.16015625 0.9265625 0.2015625 0.146875
1 0.90390625 0.75703125 0.1921875 0.2734375
1 0.1109375 0.41875 0.184375 0.2296875
1 0.07578125 0.6359375 0.1515625 0.25
1 0.2265625 0.58671875 0.2796875 0.275
2 0.51015625 0.51640625 0.4734375 0.4984375
0 0.4125 0.13515625 0.0765625 0.103125
0 0.80078125 0.74296875 0.103125 0.1140625