1 0.2703125 0.66328125 0.1828125 0.2375
1 0.15625 0.83984375 0.1609375 0.2359375
1 0.41015625 0.7484375 0.1109375 0.2125
1 0.4046875 0.5203125 0.1796875 0.23125
1 0.371875 0.3140625 0.15625 0.209375
1 0.5515625 0.37734375 0.1765625 0.221875
1 0.88046875 0.1375 0.20625 0.246875
1 0.11171875 0.421875 0.1609375 0.21875
1 0.1578125 0.26953125 0.196875 0.2640625
1 0.5734375 0.60546875 0.16875 0.2125
1 0.81875 0.8140625 0.2109375 0.18125
1 0.57734375 0.91015625 0.18125 0.1796875
1 0.4265625 0.91640625 0.15 0.1671875
1 0.66328125 0.125 0.1890625 0.25
0 0.24921875 0.29765625 0.0515625 0.0609375
0 0.33828125 0.13515625 0.06875 0.0859375
2 0.778125 0.49609375 0.384375 0.546875