1 0.59921875 0.11796875 0.1703125 0.17734375
1 0.44609375 0.15546875 0.1578125 0.23125
1 0.5640625 0.57890625 0.134375 0.2
1 0.84296875 0.42265625 0.1671875 0.25390625
1 0.503125 0.921875 0.134375 0.15234375
1 0.3953125 0.921875 0.134375 0.15234375
1 0.93203125 0.746875 0.1328125 0.23125
1 0.75 0.696875 0.184375 0.21875
1 0.20390625 0.0875 0.1703125 0.175
1 0.125 0.11953125 0.140625 0.19375
2 0.3328125 0.40625 0.190625 0.25859375
0 0.96328125 0.259375 0.0515625 0.08515625
0 0.98125 0.36171875 0.034375 0.08515625
0 0.86015625 0.834375 0.0515625 0.08515625