1 0.09140625 0.47265625 0.1828125 0.2390625
1 0.15703125 0.25546875 0.2078125 0.246875
1 0.246875 0.08359375 0.20625 0.1671875
1 0.3484375 0.71875 0.2375 0.2515625
1 0.19609375 0.5859375 0.2375 0.2515625
1 0.1734375 0.82265625 0.2359375 0.25
1 0.54453125 0.81484375 0.2375 0.2515625
1 0.7640625 0.51875 0.2375 0.2546875
1 0.8140625 0.31640625 0.2375 0.2546875
1 0.9453125 0.225 0.109375 0.24375
1 0.75703125 0.73671875 0.259375 0.3015625
0 0.2296875 0.38203125 0.0765625 0.084375
2 0.51796875 0.25234375 0.4453125 0.5046875