1 0.8703125 0.25078125 0.159375 0.24375
1 0.74375 0.896875 0.159375 0.20234375
1 0.3703125 0.23515625 0.1625 0.25
1 0.2609375 0.10703125 0.1875 0.2140625
1 0.08828125 0.09921875 0.1765625 0.19765625
1 0.578125 0.10859375 0.178125 0.2
1 0.175 0.64375 0.1625 0.20390625
1 0.225 0.90703125 0.146875 0.18125
0 0.85625 0.784375 0.078125 0.08515625
0 0.35078125 0.68203125 0.0515625 0.07734375
2 0.5515625 0.40234375 0.35 0.44609375
1 0.53203125 0.896875 0.1703125 0.20234375
1 0.88671875 0.91328125 0.1609375 0.14375