1 0.28671875 0.778125 0.19375 0.2140625
1 0.36015625 0.3484375 0.19375 0.2140625
1 0.47890625 0.16484375 0.21875 0.2671875
1 0.328125 0.065625 0.19375 0.13125
1 0.4921875 0.653125 0.2046875 0.253125
1 0.79921875 0.44140625 0.2046875 0.253125
1 0.715625 0.6546875 0.1890625 0.225
1 0.63671875 0.9140625 0.1890625 0.171875
1 0.7109375 0.1453125 0.13125 0.1625
1 0.1546875 0.1125 0.1828125 0.1953125
1 0.65703125 0.3921875 0.2015625 0.240625
1 0.14140625 0.325 0.19375 0.2140625
2 0.12265625 0.61328125 0.2453125 0.3609375
0 0.9109375 0.35703125 0.0921875 0.1046875
1 0.21640625 0.396875 0.20625 0.2609375