1 0.10625 0.79140625 0.184375 0.259375
1 0.3625 0.25390625 0.171875 0.203125
1 0.56171875 0.85 0.1859375 0.259375
1 0.834375 0.584375 0.2171875 0.26875
1 0.803125 0.878125 0.171875 0.1984375
1 0.73828125 0.15546875 0.171875 0.2375
1 0.8828125 0.13515625 0.190625 0.2703125
1 0.78984375 0.38671875 0.2140625 0.2203125
1 0.56171875 0.10078125 0.2140625 0.2015625
1 0.584375 0.2859375 0.2140625 0.2203125
1 0.6109375 0.496875 0.2140625 0.2203125
1 0.2984375 0.75859375 0.2140625 0.2203125
1 0.3703125 0.9234375 0.2 0.153125
1 0.09296875 0.3609375 0.1859375 0.246875
2 0.41875 0.571875 0.3890625 0.5