1 0.7359375 0.25234375 0.13125 0.16640625
1 0.80546875 0.071875 0.1328125 0.14375
1 0.7015625 0.06171875 0.1375 0.12265625
1 0.7171875 0.446875 0.146875 0.20625
1 0.60078125 0.13828125 0.1359375 0.17734375
1 0.1203125 0.43125 0.140625 0.20859375
1 0.3609375 0.48046875 0.16875 0.22734375
1 0.2140625 0.68359375 0.15625 0.21640625
1 0.16875 0.80625 0.15 0.19609375
1 0.21171875 0.13671875 0.1671875 0.21015625
1 0.903125 0.89296875 0.18125 0.21015625
1 0.84296875 0.33984375 0.1578125 0.2125
1 0.8375 0.61015625 0.128125 0.20390625
1 0.834375 0.60625 0.128125 0.20390625
0 0.30390625 0.86640625 0.0671875 0.1
2 0.58515625 0.75078125 0.3640625 0.42734375