1 0.8484375 0.88125 0.1640625 0.209375
1 0.9 0.70390625 0.1578125 0.2046875
1 0.0875 0.5109375 0.175 0.2
1 0.4515625 0.6390625 0.1671875 0.253125
1 0.325 0.19453125 0.1640625 0.2484375
1 0.81328125 0.1296875 0.1625 0.2015625
1 0.30703125 0.634375 0.1859375 0.19375
1 0.91484375 0.28828125 0.165625 0.2109375
1 0.8484375 0.43125 0.16875 0.21875
1 0.64765625 0.678125 0.1609375 0.209375
1 0.0890625 0.8609375 0.1734375 0.21875
1 0.65546875 0.11171875 0.15625 0.1796875
2 0.5640625 0.4015625 0.35 0.4515625