2 0.47890625 0.58515625 0.2234375 0.29609375
1 0.3234375 0.3875 0.15625 0.19609375
1 0.21328125 0.79921875 0.1859375 0.21015625
1 0.05546875 0.39296875 0.1109375 0.21875
1 0.14296875 0.2875 0.1859375 0.20859375
1 0.17421875 0.13359375 0.1859375 0.20859375
1 0.578125 0.09609375 0.109375 0.19140625
1 0.56015625 0.259375 0.1953125 0.19765625
1 0.4484375 0.27578125 0.2 0.23984375
1 0.42734375 0.89375 0.1859375 0.20859375
1 0.62578125 0.72265625 0.1421875 0.1875
1 0.68359375 0.53984375 0.1421875 0.1875
1 0.77421875 0.92109375 0.1515625 0.15390625
1 0.76796875 0.10546875 0.1921875 0.21015625
0 0.59765625 0.84921875 0.0671875 0.08125
0 0.39609375 0.746875 0.0671875 0.08125
1 0.9140625 0.71484375 0.1375 0.22890625
1 0.95078125 0.38046875 0.0953125 0.21875
1 0.89140625 0.25390625 0.1453125 0.22109375