2 0.284375 0.665625 0.325 0.409375
1 0.43125 0.31640625 0.2 0.234375
1 0.36171875 0.3578125 0.2 0.234375
1 0.7078125 0.48671875 0.171875 0.23125
1 0.865625 0.36953125 0.2 0.234375
1 0.88828125 0.821875 0.1765625 0.2515625
1 0.43125 0.87734375 0.175 0.2453125
1 0.06640625 0.59609375 0.1328125 0.2109375
1 0.09296875 0.34296875 0.178125 0.2328125
1 0.1984375 0.24921875 0.18125 0.234375
1 0.609375 0.17109375 0.228125 0.259375
1 0.725 0.2609375 0.178125 0.2421875
1 0.9046875 0.665625 0.1765625 0.2421875
1 0.6625 0.4734375 0.121875 0.2234375
1 0.78125 0.11328125 0.1703125 0.18125
1 0.87265625 0.125 0.1703125 0.18125
0 0.31484375 0.19921875 0.0640625 0.0796875
1 0.78203125 0.69140625 0.171875 0.23125
1 0.2984375 0.07890625 0.18125 0.1578125
1 0.16640625 0.86171875 0.23125 0.2078125