1 0.8609375 0.64921875 0.2109375 0.25
1 0.72890625 0.62265625 0.1484375 0.2484375
1 0.63515625 0.4546875 0.2125 0.2546875
1 0.59453125 0.19609375 0.221875 0.2484375
1 0.06953125 0.509375 0.1390625 0.209375
1 0.49921875 0.72890625 0.165625 0.2109375
1 0.590625 0.89921875 0.165625 0.2015625
1 0.9375 0.45390625 0.125 0.2234375
1 0.140625 0.840625 0.1875 0.228125
1 0.1328125 0.6609375 0.2046875 0.2203125
2 0.18828125 0.228125 0.3546875 0.446875
0 0.98125 0.16796875 0.0375 0.0796875
1 0.60234375 0.26953125 0.1765625 0.171875
1 0.3640625 0.46328125 0.2015625 0.178125