2 0.1921875 0.29765625 0.3171875 0.4234375
2 0.60546875 0.2578125 0.4609375 0.4875
1 0.3453125 0.42265625 0.1796875 0.2609375
1 0.17734375 0.57734375 0.1765625 0.23125
1 0.1109375 0.70390625 0.1453125 0.1921875
1 0.4875 0.56484375 0.1453125 0.1921875
1 0.5453125 0.5421875 0.1453125 0.1921875
1 0.45703125 0.765625 0.1453125 0.1921875
1 0.5203125 0.75859375 0.1453125 0.1921875
1 0.57109375 0.7515625 0.1453125 0.1921875
1 0.74609375 0.9390625 0.1578125 0.121875
1 0.540625 0.928125 0.190625 0.14375
1 0.3578125 0.9453125 0.178125 0.1015625
1 0.06328125 0.88046875 0.1265625 0.1734375
1 0.715625 0.7453125 0.225 0.2359375
1 0.93515625 0.434375 0.1296875 0.2375
1 0.93828125 0.58828125 0.1234375 0.1875
1 0.91640625 0.79375 0.1296875 0.184375