2 0.6421875 0.76875 0.25625 0.28359375
0 0.62109375 0.25703125 0.0734375 0.08984375
0 0.78984375 0.42578125 0.0734375 0.08984375
1 0.659375 0.41015625 0.1875 0.2375
1 0.5203125 0.45234375 0.1875 0.2375
1 0.428125 0.57265625 0.1875 0.2375
1 0.24375 0.81484375 0.1875 0.2375
1 0.1 0.6625 0.1875 0.2375
1 0.1703125 0.59375 0.1875 0.2375
1 0.08046875 0.309375 0.1609375 0.19765625
1 0.1921875 0.30078125 0.1625 0.19765625
1 0.89375 0.32421875 0.1625 0.19765625
1 0.95234375 0.30390625 0.0921875 0.19609375
1 0.66484375 0.078125 0.1515625 0.15625
1 0.41015625 0.11484375 0.1703125 0.22890625
1 0.2515625 0.08984375 0.140625 0.17890625
1 0.94140625 0.83984375 0.1109375 0.2375
1 0.3546875 0.29140625 0.1875 0.2375
1 0.4375 0.86875 0.1875 0.2375