1 0.78125 0.1109375 0.225 0.221875
1 0.66328125 0.43515625 0.225 0.2671875
1 0.67890625 0.63203125 0.165625 0.190625
1 0.17734375 0.6015625 0.1359375 0.25
1 0.190625 0.41953125 0.178125 0.20625
1 0.246875 0.93671875 0.15625 0.1265625
1 0.4765625 0.878125 0.175 0.20625
1 0.55546875 0.7859375 0.225 0.2359375
1 0.821875 0.7046875 0.165625 0.190625
1 0.4828125 0.26328125 0.271875 0.178125
1 0.409375 0.23046875 0.1859375 0.215625
0 0.065625 0.61953125 0.06875 0.0875
0 0.265625 0.79375 0.084375 0.1078125
0 0.64375 0.103125 0.1109375 0.1234375
2 0.3859375 0.59453125 0.3734375 0.490625