2 0.6671875 0.2703125 0.3484375 0.365625
0 0.3296875 0.84296875 0.0734375 0.0859375
0 0.39609375 0.9484375 0.1046875 0.103125
0 0.60390625 0.03515625 0.0734375 0.0703125
1 0.096875 0.43671875 0.19375 0.2578125
1 0.5984375 0.55625 0.2328125 0.2578125
1 0.55703125 0.634375 0.2328125 0.2578125
1 0.453125 0.6265625 0.2328125 0.2578125
1 0.3859375 0.65390625 0.2328125 0.2578125
1 0.309375 0.62421875 0.2328125 0.2578125
1 0.24765625 0.621875 0.2328125 0.2578125
1 0.15546875 0.69609375 0.2328125 0.2578125
1 0.81953125 0.8234375 0.2328125 0.2546875
1 0.6625 0.86328125 0.2328125 0.2546875
1 0.53515625 0.83828125 0.2328125 0.2578125
1 0.89921875 0.3859375 0.2015625 0.3
1 0.253125 0.13671875 0.2234375 0.2109375