1 0.309375 0.62421875 0.2046875 0.2484375
1 0.540625 0.60078125 0.2046875 0.2484375
1 0.6296875 0.8046875 0.2046875 0.2484375
1 0.44296875 0.76875 0.190625 0.23125
1 0.3375 0.89609375 0.190625 0.2078125
1 0.28046875 0.41953125 0.190625 0.23125
1 0.34375 0.221875 0.2109375 0.2328125
1 0.44375 0.4125 0.2109375 0.2328125
1 0.828125 0.25859375 0.2203125 0.271875
1 0.91875 0.7609375 0.1625 0.271875
1 0.7828125 0.64296875 0.2578125 0.26875
1 0.11171875 0.3640625 0.2203125 0.271875
1 0.128125 0.58046875 0.2203125 0.271875
2 0.5765625 0.13828125 0.4 0.2765625