1 0.31171875 0.11796875 0.1921875 0.2359375
1 0.68984375 0.69140625 0.1921875 0.25
1 0.52421875 0.6828125 0.1921875 0.25
1 0.35703125 0.8109375 0.221875 0.2546875
1 0.190625 0.70390625 0.159375 0.2421875
1 0.86640625 0.28046875 0.1859375 0.2109375
1 0.49453125 0.07109375 0.1515625 0.1421875
1 0.2984375 0.3578125 0.1921875 0.25
1 0.94140625 0.475 0.1171875 0.24375
0 0.8578125 0.93515625 0.1125 0.1296875
0 0.63828125 0.8984375 0.065625 0.0875
0 0.84609375 0.434375 0.078125 0.115625
0 0.03671875 0.27578125 0.053125 0.103125
2 0.63828125 0.27265625 0.334375 0.4390625