1 0.57109375 0.78515625 0.2328125 0.2078125
1 0.5640625 0.5171875 0.24375 0.2671875
1 0.8171875 0.421875 0.1703125 0.19375
1 0.72734375 0.69140625 0.1953125 0.2703125
1 0.90703125 0.53828125 0.1859375 0.2359375
1 0.86640625 0.71328125 0.2203125 0.228125
1 0.43125 0.54609375 0.2203125 0.228125
1 0.30703125 0.53203125 0.2375 0.246875
1 0.54921875 0.93359375 0.2140625 0.1328125
0 0.1875 0.8 0.0703125 0.0828125
0 0.26171875 0.9046875 0.09375 0.0875
0 0.05859375 0.72734375 0.10625 0.1328125
0 0.13984375 0.8609375 0.1015625 0.1125
0 0.41015625 0.1265625 0.0953125 0.09375
0 0.93203125 0.2828125 0.0609375 0.06875
2 0.79453125 0.87578125 0.2734375 0.2484375