1 0.425 0.68359375 0.178125 0.20859375
1 0.26953125 0.85234375 0.1765625 0.27109375
1 0.79375 0.75625 0.178125 0.20859375
1 0.6890625 0.7625 0.178125 0.20859375
1 0.86796875 0.56796875 0.1609375 0.21484375
1 0.8390625 0.46640625 0.15625 0.19140625
1 0.821875 0.2125 0.15625 0.19140625
1 0.7421875 0.23984375 0.15625 0.19140625
1 0.66875 0.45703125 0.165625 0.21484375
1 0.07421875 0.47421875 0.1484375 0.20625
1 0.07421875 0.10078125 0.1484375 0.2015625
1 0.5203125 0.51171875 0.15 0.20625
2 0.3765625 0.203125 0.371875 0.40625