1 0.06875 0.603125 0.1375 0.225
1 0.434375 0.125 0.1890625 0.2375
1 0.31171875 0.69375 0.165625 0.2390625
1 0.171875 0.896875 0.1390625 0.175
1 0.92265625 0.15390625 0.1546875 0.2234375
1 0.71953125 0.27734375 0.15 0.190625
1 0.46875 0.56953125 0.1875 0.2171875
1 0.49453125 0.7125 0.1875 0.2171875
1 0.21484375 0.475 0.18125 0.2453125
1 0.328125 0.434375 0.18125 0.2453125
1 0.3359375 0.11171875 0.178125 0.2234375
1 0.5796875 0.82734375 0.1640625 0.1546875
1 0.0796875 0.3 0.1484375 0.190625
2 0.77734375 0.678125 0.403125 0.496875