1 0.096875 0.84140625 0.1875 0.24609375
1 0.35 0.43984375 0.1875 0.24609375
1 0.65078125 0.10703125 0.1828125 0.2140625
1 0.51171875 0.3 0.1828125 0.21640625
1 0.69296875 0.50625 0.1734375 0.2875
1 0.93515625 0.22578125 0.1265625 0.24375
1 0.859375 0.9375 0.184375 0.11640625
1 0.140625 0.48984375 0.1875 0.24609375
1 0.31484375 0.18046875 0.1671875 0.18515625
1 0.46640625 0.94921875 0.1671875 0.09765625
1 0.71640625 0.34296875 0.2046875 0.21484375
1 0.815625 0.56015625 0.16875 0.24609375
0 0.4828125 0.734375 0.046875 0.06484375
0 0.15 0.14140625 0.05625 0.0875
2 0.62734375 0.82890625 0.2640625 0.3375