1 0.07265625 0.62578125 0.1328125 0.21875
1 0.41484375 0.12890625 0.1765625 0.22890625
1 0.321875 0.703125 0.153125 0.23125
1 0.19296875 0.91328125 0.1296875 0.16875
1 0.91171875 0.13203125 0.1578125 0.21484375
1 0.7078125 0.26640625 0.140625 0.18359375
1 0.47265625 0.57109375 0.1765625 0.20859375
1 0.50546875 0.7125 0.1765625 0.20859375
1 0.2140625 0.48984375 0.16875 0.2375
1 0.325 0.44375 0.16875 0.2375
1 0.315625 0.11484375 0.165625 0.22890625
1 0.596875 0.82265625 0.15625 0.14609375
1 0.06953125 0.32265625 0.1390625 0.18359375
2 0.7859375 0.66328125 0.378125 0.47734375