1 0.83203125 0.2109375 0.2 0.2359375
1 0.62109375 0.64375 0.1640625 0.2
1 0.171875 0.68125 0.1984375 0.2265625
1 0.79453125 0.73828125 0.1984375 0.2265625
1 0.1640625 0.44921875 0.2078125 0.2609375
1 0.04609375 0.271875 0.0921875 0.2
1 0.11640625 0.15234375 0.1828125 0.184375
1 0.35703125 0.0703125 0.178125 0.128125
1 0.56640625 0.0375 0.1703125 0.075
1 0.94921875 0.69140625 0.1015625 0.1953125
2 0.53046875 0.321875 0.303125 0.3546875
1 0.6953125 0.2375 0.171875 0.234375
1 0.74765625 0.39609375 0.171875 0.234375
1 0.39140625 0.59296875 0.184375 0.2546875
1 0.5203125 0.68828125 0.1796875 0.2234375