1 0.19453125 0.0875 0.1828125 0.175
1 0.3734375 0.5234375 0.184375 0.2515625
1 0.13984375 0.83125 0.146875 0.2359375
1 0.09453125 0.2515625 0.146875 0.2359375
1 0.29453125 0.83984375 0.184375 0.2515625
1 0.40390625 0.09765625 0.1796875 0.1953125
1 0.83125 0.3 0.2140625 0.25
1 0.5390625 0.16328125 0.1921875 0.221875
1 0.89609375 0.54375 0.2046875 0.2234375
1 0.28984375 0.4515625 0.1875 0.2609375
1 0.278125 0.640625 0.165625 0.225
2 0.79921875 0.85 0.3703125 0.3
0 0.1765625 0.396875 0.078125 0.090625