1 0.5453125 0.23984375 0.20625 0.225
1 0.80625 0.259375 0.20625 0.225
1 0.803125 0.38515625 0.20625 0.225
1 0.74921875 0.6109375 0.203125 0.190625
1 0.36796875 0.51875 0.165625 0.228125
1 0.21875 0.61953125 0.165625 0.228125
1 0.09765625 0.234375 0.165625 0.228125
1 0.4640625 0.91171875 0.171875 0.1765625
1 0.37890625 0.31328125 0.171875 0.2
1 0.53671875 0.68203125 0.18125 0.221875
1 0.9421875 0.77265625 0.115625 0.2453125
1 0.11328125 0.88203125 0.1859375 0.228125
2 0.72578125 0.83125 0.35625 0.3234375