1 0.3109375 0.81484375 0.203125 0.25390625
1 0.6921875 0.37109375 0.203125 0.25390625
1 0.875 0.27890625 0.203125 0.25390625
1 0.91796875 0.56015625 0.1609375 0.21640625
1 0.87265625 0.78515625 0.1703125 0.23359375
1 0.70859375 0.87109375 0.1703125 0.23359375
1 0.53046875 0.875 0.1703125 0.23359375
1 0.51015625 0.6875 0.2171875 0.20859375
1 0.0921875 0.41484375 0.184375 0.25390625
1 0.265625 0.59453125 0.1875 0.18984375
1 0.5375 0.14609375 0.146875 0.2125
1 0.10703125 0.21796875 0.1828125 0.22265625
1 0.37578125 0.08046875 0.1578125 0.16015625
1 0.72421875 0.08046875 0.1578125 0.16015625
2 0.41875 0.37578125 0.440625 0.47734375