2 0.5546875 0.75078125 0.2828125 0.328125
1 0.675 0.4796875 0.2078125 0.2828125
1 0.93203125 0.26484375 0.1359375 0.2828125
1 0.8046875 0.3796875 0.2046875 0.259375
1 0.85546875 0.52734375 0.203125 0.259375
1 0.76796875 0.65078125 0.2046875 0.259375
1 0.8359375 0.71796875 0.203125 0.259375
1 0.859375 0.8859375 0.190625 0.228125
1 0.39296875 0.903125 0.1875 0.190625
1 0.2796875 0.73203125 0.2 0.234375
1 0.1875 0.70859375 0.159375 0.240625
1 0.1328125 0.64765625 0.225 0.296875
1 0.06015625 0.53984375 0.1203125 0.2453125
1 0.03984375 0.8203125 0.0796875 0.209375
1 0.175 0.23125 0.190625 0.209375
1 0.33046875 0.2671875 0.2890625 0.2984375
1 0.515625 0.0953125 0.190625 0.190625
1 0.559375 0.40234375 0.190625 0.209375
1 0.4140625 0.5671875 0.190625 0.209375
0 0.6984375 0.7859375 0.071875 0.1015625
0 0.7515625 0.8265625 0.071875 0.1015625
0 0.6328125 0.93515625 0.071875 0.1015625
1 0.8484375 0.13359375 0.209375 0.1875