1 0.89453125 0.571875 0.2109375 0.221875
1 0.7578125 0.3078125 0.215625 0.25625
1 0.8859375 0.3921875 0.1984375 0.3140625
1 0.40546875 0.33046875 0.23125 0.2546875
1 0.57890625 0.24375 0.20625 0.209375
1 0.5515625 0.50546875 0.203125 0.309375
1 0.41796875 0.534375 0.215625 0.25625
1 0.15 0.265625 0.23125 0.2609375
1 0.09140625 0.57578125 0.1828125 0.2609375
1 0.62890625 0.09765625 0.2171875 0.1921875
1 0.7 0.53046875 0.23125 0.2203125
1 0.75703125 0.82109375 0.2390625 0.259375
1 0.3109375 0.41953125 0.175 0.2015625
1 0.09375 0.84375 0.165625 0.1640625
1 0.4515625 0.12734375 0.209375 0.2546875
0 0.1328125 0.75 0.09375 0.1
2 0.45234375 0.78828125 0.4265625 0.4234375