1 0.16640625 0.671875 0.1671875 0.25625
1 0.51640625 0.228125 0.1671875 0.25625
1 0.3359375 0.43203125 0.209375 0.20625
1 0.78671875 0.55 0.1515625 0.20859375
1 0.86796875 0.4125 0.1515625 0.20859375
1 0.7625 0.16875 0.159375 0.27109375
1 0.0875 0.27578125 0.175 0.26015625
1 0.1796875 0.096875 0.1625 0.19375
1 0.92265625 0.2375 0.1515625 0.20859375
1 0.92265625 0.64609375 0.1515625 0.22109375
2 0.4921875 0.74140625 0.35625 0.50390625
0 0.28984375 0.775 0.0609375 0.075
0 0.13671875 0.415625 0.0828125 0.09765625