1 0.51640625 0.346875 0.196875 0.2203125
1 0.7390625 0.86328125 0.196875 0.21875
1 0.37421875 0.70625 0.20625 0.25625
1 0.1640625 0.71171875 0.240625 0.2890625
1 0.646875 0.67890625 0.215625 0.2421875
1 0.92421875 0.65 0.1515625 0.2375
1 0.3578125 0.475 0.203125 0.265625
1 0.79140625 0.47265625 0.228125 0.290625
1 0.12890625 0.29140625 0.2265625 0.278125
1 0.665625 0.08125 0.196875 0.1625
0 0.68046875 0.2375 0.1015625 0.1046875
0 0.6140625 0.4171875 0.084375 0.1015625
0 0.40078125 0.34609375 0.0890625 0.109375
2 0.334375 0.16171875 0.2984375 0.3109375