1 0.3546875 0.73515625 0.190625 0.23359375
1 0.08046875 0.71953125 0.1609375 0.21484375
1 0.771875 0.20703125 0.1625 0.21484375
1 0.696875 0.253125 0.1625 0.21484375
1 0.6140625 0.36171875 0.178125 0.26875
1 0.3890625 0.409375 0.196875 0.23515625
1 0.22578125 0.09765625 0.1640625 0.1953125
1 0.37734375 0.2125 0.1765625 0.2125
1 0.571875 0.0875 0.16875 0.175
1 0.5171875 0.64140625 0.146875 0.19140625
1 0.53125 0.771875 0.15625 0.18984375
1 0.53125 0.87578125 0.15625 0.18984375
1 0.715625 0.90078125 0.15625 0.18984375
1 0.19609375 0.73203125 0.1640625 0.23515625
2 0.875 0.74921875 0.246875 0.38515625
0 0.7359375 0.64453125 0.059375 0.07734375
0 0.41015625 0.05703125 0.0515625 0.08984375