2 0.43203125 0.20390625 0.3203125 0.340625
0 0.3203125 0.703125 0.09375 0.10625
0 0.20078125 0.496875 0.09375 0.10625
1 0.32265625 0.5453125 0.2421875 0.278125
1 0.46796875 0.540625 0.2421875 0.278125
1 0.58828125 0.4484375 0.2421875 0.278125
1 0.82890625 0.2625 0.2421875 0.278125
1 0.903125 0.446875 0.19375 0.278125
1 0.84296875 0.49453125 0.2421875 0.278125
1 0.85625 0.79296875 0.20625 0.2328125
1 0.74609375 0.771875 0.2078125 0.2328125
1 0.0890625 0.56796875 0.178125 0.2328125
1 0.040625 0.571875 0.08125 0.2125
1 0.23125 0.86484375 0.1875 0.190625
1 0.48671875 0.88125 0.2234375 0.2375
1 0.63359375 0.92734375 0.1828125 0.1453125
1 0.1609375 0.09296875 0.16875 0.1859375
1 0.58671875 0.7390625 0.2421875 0.278125
1 0.65546875 0.16015625 0.2421875 0.278125