1 0.271875 0.19375 0.203125 0.2140625
1 0.09140625 0.17890625 0.1828125 0.2078125
1 0.44140625 0.7265625 0.203125 0.2140625
1 0.73046875 0.778125 0.209375 0.2453125
1 0.72890625 0.540625 0.171875 0.24375
1 0.9140625 0.34296875 0.1671875 0.2796875
1 0.29453125 0.51640625 0.178125 0.2296875
1 0.425 0.31171875 0.178125 0.2296875
1 0.134375 0.315625 0.178125 0.2046875
1 0.55390625 0.83125 0.20625 0.2703125
2 0.603125 0.2890625 0.2390625 0.3
0 0.24296875 0.5953125 0.059375 0.075
2 0.934375 0.63359375 0.13125 0.2734375