1 0.3125 0.296875 0.23125 0.265625
1 0.07265625 0.36484375 0.1453125 0.2421875
1 0.82265625 0.7359375 0.2 0.2421875
1 0.740625 0.7046875 0.2 0.2421875
1 0.63828125 0.6140625 0.2265625 0.2984375
1 0.40859375 0.61015625 0.2375 0.26875
1 0.30703125 0.91796875 0.1984375 0.1640625
1 0.434375 0.80546875 0.2140625 0.2421875
1 0.64921875 0.89140625 0.1984375 0.2046875
1 0.48984375 0.3578125 0.18125 0.215625
1 0.47890625 0.22734375 0.1890625 0.215625
1 0.45859375 0.125 0.1890625 0.215625
1 0.63515625 0.08671875 0.1890625 0.1734375
1 0.15703125 0.33046875 0.20625 0.2625
2 0.8203125 0.19765625 0.315625 0.3953125
0 0.70390625 0.31328125 0.0734375 0.0875
0 0.49609375 0.9515625 0.0671875 0.096875