1 0.51875 0.71640625 0.2109375 0.2453125
1 0.634375 0.64453125 0.1734375 0.2015625
1 0.79453125 0.15390625 0.190625 0.2828125
1 0.09296875 0.45078125 0.1859375 0.2453125
1 0.6484375 0.41015625 0.2140625 0.2484375
1 0.53046875 0.44765625 0.19375 0.23125
1 0.44140625 0.47734375 0.19375 0.221875
1 0.7546875 0.815625 0.19375 0.221875
1 0.93046875 0.40859375 0.1390625 0.2296875
1 0.7484375 0.621875 0.19375 0.221875
1 0.21875 0.41484375 0.1921875 0.24375
1 0.225 0.671875 0.23125 0.2625
1 0.32890625 0.8484375 0.23125 0.2625
2 0.3640625 0.2140625 0.446875 0.428125