2 0.53359375 0.70625 0.2984375 0.365625
2 0.92265625 0.29921875 0.1546875 0.2734375
1 0.6921875 0.9015625 0.2625 0.196875
1 0.775 0.765625 0.1734375 0.221875
1 0.34609375 0.17890625 0.2140625 0.2546875
1 0.853125 0.484375 0.2140625 0.2546875
1 0.6515625 0.26015625 0.2140625 0.2546875
1 0.6671875 0.4484375 0.2140625 0.2546875
1 0.525 0.15390625 0.2140625 0.2546875
1 0.15 0.37734375 0.2140625 0.2546875
1 0.15859375 0.221875 0.2140625 0.2546875
1 0.21171875 0.11171875 0.2140625 0.2234375
1 0.0609375 0.83125 0.121875 0.16875
1 0.8625 0.87578125 0.171875 0.2484375
0 0.0984375 0.73671875 0.0703125 0.0859375
0 0.040625 0.69921875 0.0703125 0.0859375
0 0.32578125 0.9109375 0.0703125 0.0859375
0 0.834375 0.36484375 0.06875 0.0765625
1 0.26875 0.7125 0.1875 0.221875
0 0.15703125 0.60703125 0.0703125 0.0859375