1 0.31171875 0.425 0.2015625 0.2515625
1 0.17578125 0.51328125 0.2015625 0.2515625
1 0.3515625 0.7640625 0.2015625 0.2515625
1 0.55 0.7984375 0.2015625 0.2515625
1 0.659375 0.84375 0.2015625 0.2515625
1 0.89765625 0.665625 0.2046875 0.25
1 0.28125 0.1796875 0.24375 0.2453125
1 0.88046875 0.16015625 0.1734375 0.2296875
1 0.5015625 0.16953125 0.24375 0.2453125
1 0.73828125 0.6625 0.2015625 0.2515625
1 0.1796875 0.85078125 0.2015625 0.2515625
1 0.1 0.1671875 0.1984375 0.240625
1 0.91796875 0.85546875 0.1640625 0.1828125
2 0.57890625 0.44609375 0.3421875 0.421875