2 0.71640625 0.44921875 0.290625 0.3140625
1 0.4921875 0.70703125 0.2265625 0.2578125
1 0.84375 0.609375 0.171875 0.2140625
1 0.8421875 0.7875 0.2359375 0.2421875
1 0.66171875 0.1953125 0.1859375 0.2296875
1 0.78125 0.18671875 0.1859375 0.2296875
1 0.83828125 0.19921875 0.1859375 0.2296875
1 0.925 0.21328125 0.15 0.2296875
1 0.4734375 0.246875 0.1859375 0.2296875
1 0.30625 0.23359375 0.1859375 0.2296875
1 0.1703125 0.43984375 0.1859375 0.2296875
1 0.12109375 0.83515625 0.209375 0.25
1 0.296875 0.878125 0.20625 0.21875
1 0.678125 0.9109375 0.20625 0.178125
1 0.6703125 0.76953125 0.20625 0.2203125
0 0.90234375 0.965625 0.0796875 0.06875
0 0.14140625 0.3078125 0.0625 0.071875
1 0.3125 0.503125 0.2265625 0.2578125
1 0.23203125 0.0765625 0.1609375 0.153125