1 0.67421875 0.39609375 0.1671875 0.22890625
1 0.82265625 0.4625 0.1671875 0.22890625
1 0.68828125 0.7375 0.1671875 0.22890625
1 0.49765625 0.80234375 0.1671875 0.22890625
1 0.39609375 0.86484375 0.1671875 0.22890625
1 0.1234375 0.728125 0.190625 0.22265625
1 0.665625 0.14921875 0.2125 0.21484375
1 0.07109375 0.22421875 0.1421875 0.21015625
1 0.446875 0.17421875 0.2125 0.21484375
1 0.28984375 0.69765625 0.1671875 0.22890625
1 0.87109375 0.79609375 0.1671875 0.22890625
1 0.84296875 0.10859375 0.1671875 0.21640625
1 0.11484375 0.92109375 0.1984375 0.15390625
2 0.41328125 0.459375 0.2859375 0.38125