1 0.7046875 0.61484375 0.1625 0.20390625
1 0.7046875 0.7375 0.1625 0.20390625
1 0.9171875 0.49375 0.1625 0.20390625
1 0.59921875 0.08984375 0.1640625 0.17890625
1 0.18046875 0.19140625 0.1609375 0.23359375
1 0.7859375 0.10546875 0.1625 0.18125
1 0.7703125 0.4125 0.1625 0.225
1 0.4734375 0.44609375 0.1625 0.20390625
1 0.0609375 0.34375 0.121875 0.20859375
1 0.54765625 0.865625 0.1578125 0.21015625
1 0.58984375 0.29453125 0.1578125 0.21015625
2 0.27109375 0.78984375 0.2578125 0.2875
0 0.296875 0.24765625 0.05625 0.075
0 0.96484375 0.871875 0.0640625 0.08515625