1 0.115625 0.11015625 0.171875 0.2203125
1 0.303125 0.253125 0.171875 0.22265625
1 0.0765625 0.78828125 0.153125 0.21015625
1 0.4765625 0.49765625 0.159375 0.21640625
1 0.6515625 0.26015625 0.159375 0.21640625
1 0.91796875 0.37890625 0.1609375 0.21640625
1 0.85234375 0.58359375 0.1609375 0.21640625
1 0.7109375 0.56484375 0.1375 0.175
1 0.7546875 0.93046875 0.1375 0.13515625
1 0.096875 0.31875 0.159375 0.21640625
1 0.19921875 0.60703125 0.1484375 0.25234375
2 0.31796875 0.846875 0.2109375 0.26484375