2 0.60859375 0.13203125 0.2515625 0.2640625
1 0.21796875 0.30546875 0.1609375 0.24375
1 0.49296875 0.35703125 0.1609375 0.24375
1 0.3875 0.5125 0.14375 0.29609375
1 0.24296875 0.51953125 0.1484375 0.23125
1 0.68359375 0.35703125 0.1484375 0.23125
1 0.66015625 0.634375 0.1484375 0.23125
1 0.57109375 0.86640625 0.1640625 0.25
1 0.12890625 0.765625 0.1828125 0.24765625
1 0.85859375 0.1 0.1671875 0.2
1 0.95 0.40625 0.096875 0.21640625
1 0.94375 0.66640625 0.109375 0.2875
1 0.84375 0.78125 0.146875 0.2125
1 0.7140625 0.821875 0.184375 0.25625
1 0.09375 0.6 0.13125 0.22890625
1 0.83515625 0.528125 0.1609375 0.24375