1 0.7875 0.33828125 0.196875 0.2296875
1 0.91328125 0.30625 0.1609375 0.2578125
1 0.5625 0.42734375 0.2515625 0.271875
1 0.33046875 0.87109375 0.20625 0.2234375
1 0.1890625 0.90859375 0.215625 0.1828125
1 0.2515625 0.640625 0.215625 0.259375
1 0.0984375 0.41953125 0.196875 0.2796875
1 0.11875 0.20546875 0.215625 0.259375
1 0.3484375 0.44765625 0.215625 0.259375
1 0.72578125 0.75234375 0.2375 0.321875
1 0.871875 0.64375 0.209375 0.25
1 0.8015625 0.44296875 0.209375 0.25
1 0.61796875 0.09609375 0.1640625 0.1921875
1 0.3578125 0.22109375 0.190625 0.2265625
1 0.25 0.10859375 0.19375 0.1546875
1 0.7921875 0.14375 0.190625 0.2265625
1 0.890625 0.7734375 0.21875 0.23125
2 0.54375 0.846875 0.39375 0.30625