1 0.4546875 0.15390625 0.178125 0.21640625
1 0.6828125 0.40390625 0.15625 0.2
1 0.8421875 0.57734375 0.18125 0.25
1 0.65 0.6625 0.18125 0.25
1 0.140625 0.43046875 0.178125 0.14765625
1 0.51171875 0.846875 0.1421875 0.17734375
1 0.52421875 0.709375 0.1421875 0.17734375
1 0.11484375 0.90703125 0.1421875 0.17734375
1 0.89921875 0.79296875 0.1421875 0.17734375
2 0.07265625 0.596875 0.1453125 0.26484375
0 0.053125 0.26015625 0.0625 0.07890625
0 0.5859375 0.28671875 0.053125 0.07734375
0 0.528125 0.265625 0.053125 0.07734375
0 0.62734375 0.22421875 0.0640625 0.08125