2 0.36015625 0.43515625 0.3328125 0.378125
1 0.3359375 0.8265625 0.228125 0.2734375
1 0.553125 0.3515625 0.1890625 0.2734375
1 0.821875 0.7484375 0.1828125 0.25625
1 0.79921875 0.82734375 0.1828125 0.25625
1 0.503125 0.81640625 0.2203125 0.26875
1 0.7328125 0.2234375 0.1828125 0.184375
1 0.95 0.6390625 0.1 0.25
1 0.85546875 0.184375 0.2140625 0.246875
1 0.6234375 0.55703125 0.2234375 0.2734375
1 0.803125 0.54140625 0.2234375 0.2734375
1 0.17109375 0.50390625 0.1890625 0.2734375
0 0.21796875 0.771875 0.0625 0.0859375