2 0.23828125 0.44140625 0.278125 0.3203125
0 0.746875 0.41875 0.096875 0.084375
1 0.43125 0.696875 0.2203125 0.2640625
1 0.3421875 0.78046875 0.159375 0.215625
1 0.621875 0.6390625 0.1828125 0.2015625
1 0.73046875 0.6640625 0.21875 0.2203125
1 0.45078125 0.4796875 0.225 0.2515625
1 0.44609375 0.3265625 0.225 0.2515625
1 0.3609375 0.1953125 0.225 0.2515625
1 0.55703125 0.13515625 0.225 0.2515625
1 0.76015625 0.18984375 0.225 0.2515625
1 0.84375 0.746875 0.2125 0.2078125
1 0.84453125 0.853125 0.21875 0.2203125
1 0.6671875 0.90078125 0.196875 0.1984375
1 0.15703125 0.771875 0.24375 0.2859375
1 0.0921875 0.66484375 0.184375 0.2671875
1 0.071875 0.5296875 0.14375 0.275
1 0.07734375 0.39296875 0.1546875 0.2765625
1 0.09140625 0.271875 0.15 0.2296875
1 0.1078125 0.17734375 0.15 0.2296875
1 0.165625 0.103125 0.1625 0.20625
1 0.16875 0.03359375 0.1625 0.0671875
1 0.31875 0.92265625 0.1609375 0.128125
1 0.42421875 0.91484375 0.1640625 0.1703125