1 0.5890625 0.31953125 0.146875 0.18515625
1 0.41796875 0.78046875 0.1765625 0.23984375
1 0.3109375 0.23828125 0.19375 0.25625
1 0.21796875 0.10546875 0.1234375 0.14765625
1 0.5109375 0.13984375 0.1625 0.225
1 0.7625 0.29453125 0.140625 0.19375
1 0.91328125 0.75234375 0.1703125 0.22109375
1 0.93515625 0.54296875 0.1265625 0.20625
1 0.79453125 0.571875 0.1453125 0.19765625
1 0.91875 0.31953125 0.15625 0.19765625
1 0.803125 0.9375 0.15625 0.12109375
1 0.7734375 0.76015625 0.159375 0.20390625
1 0.0765625 0.446875 0.153125 0.23984375
1 0.53125 0.42734375 0.159375 0.21640625
2 0.20078125 0.60390625 0.3515625 0.44609375
0 0.41328125 0.28828125 0.0640625 0.07734375