2 0.59609375 0.09453125 0.2203125 0.1890625
0 0.1125 0.5375 0.08125 0.09140625
1 0.63359375 0.41640625 0.2078125 0.24140625
1 0.46953125 0.375 0.1765625 0.21640625
1 0.46328125 0.16640625 0.1765625 0.21640625
1 0.30234375 0.71875 0.1765625 0.21640625
1 0.18203125 0.75859375 0.1765625 0.21640625
1 0.32578125 0.90546875 0.1640625 0.18515625
1 0.41484375 0.93203125 0.1515625 0.13125
1 0.084375 0.93203125 0.16875 0.13125
1 0.88125 0.28046875 0.1375 0.18984375
1 0.815625 0.31953125 0.1375 0.18984375
1 0.790625 0.45078125 0.1375 0.18984375
1 0.846875 0.48671875 0.1375 0.18984375
1 0.878125 0.528125 0.1375 0.18984375
1 0.9140625 0.59765625 0.16875 0.20390625
1 0.8640625 0.9125 0.215625 0.17109375
1 0.24765625 0.14609375 0.1671875 0.20390625
1 0.065625 0.28125 0.13125 0.22109375
1 0.09140625 0.09375 0.1640625 0.1875
1 0.421875 0.69296875 0.178125 0.20625
1 0.58671875 0.70546875 0.1203125 0.18125
1 0.58046875 0.815625 0.1203125 0.18125
1 0.503125 0.90078125 0.16875 0.19375