1 0.6671875 0.84453125 0.2046875 0.203125
1 0.853125 0.8265625 0.2046875 0.203125
1 0.44453125 0.88359375 0.1640625 0.228125
1 0.90625 0.378125 0.1875 0.253125
1 0.7796875 0.51171875 0.2296875 0.253125
1 0.14296875 0.3890625 0.2296875 0.253125
1 0.25234375 0.384375 0.2296875 0.253125
1 0.4765625 0.50078125 0.1828125 0.196875
1 0.909375 0.17890625 0.18125 0.2296875
1 0.16875 0.171875 0.1703125 0.2390625
1 0.065625 0.7234375 0.13125 0.284375
1 0.23359375 0.87578125 0.184375 0.1796875
0 0.69296875 0.228125 0.078125 0.0984375
0 0.24296875 0.0609375 0.0875 0.1140625
2 0.515625 0.19140625 0.390625 0.3828125