1 0.21171875 0.69375 0.1578125 0.2125
1 0.14453125 0.47890625 0.1578125 0.2125
1 0.41015625 0.1375 0.1578125 0.2125
1 0.20859375 0.19140625 0.1578125 0.2125
1 0.92109375 0.40546875 0.1546875 0.23984375
1 0.92109375 0.81953125 0.1546875 0.23984375
1 0.78203125 0.15546875 0.1546875 0.23984375
1 0.89765625 0.16015625 0.1890625 0.25859375
1 0.3625 0.46171875 0.153125 0.19765625
1 0.403125 0.65078125 0.153125 0.19765625
1 0.75078125 0.79921875 0.1640625 0.21484375
1 0.47421875 0.34921875 0.1234375 0.22734375
2 0.53125 0.52890625 0.19375 0.22109375