1 0.684375 0.3546875 0.1921875 0.2265625
1 0.66484375 0.23359375 0.1921875 0.2265625
1 0.90859375 0.43984375 0.1828125 0.2265625
1 0.6625 0.88984375 0.190625 0.203125
1 0.2328125 0.8546875 0.1953125 0.25625
1 0.84375 0.8453125 0.1890625 0.2046875
1 0.78046875 0.54375 0.1953125 0.246875
1 0.48203125 0.55703125 0.1921875 0.2265625
1 0.090625 0.72265625 0.153125 0.225
1 0.48984375 0.13125 0.1890625 0.2328125
1 0.62109375 0.6890625 0.1890625 0.2328125
2 0.22890625 0.24921875 0.3 0.325
0 0.3390625 0.78125 0.0671875 0.0828125
0 0.90078125 0.06015625 0.0765625 0.09375