1 0.93203125 0.70625 0.1359375 0.24375
1 0.90078125 0.42890625 0.1984375 0.2953125
1 0.7109375 0.1625 0.1921875 0.2328125
1 0.740625 0.46640625 0.228125 0.2640625
1 0.63203125 0.7796875 0.228125 0.2640625
1 0.30078125 0.1453125 0.1890625 0.2421875
1 0.5640625 0.103125 0.2 0.20625
1 0.41796875 0.609375 0.228125 0.2515625
1 0.30703125 0.89375 0.1640625 0.2125
1 0.15390625 0.66875 0.209375 0.246875
1 0.15859375 0.89921875 0.1828125 0.2015625
1 0.3546875 0.38828125 0.2328125 0.28125
1 0.540625 0.61328125 0.1984375 0.2328125
0 0.49140625 0.446875 0.090625 0.1125
2 0.1421875 0.33203125 0.284375 0.4484375