2 0.58515625 0.57421875 0.3609375 0.41484375
1 0.203125 0.80078125 0.165625 0.20625
1 0.1796875 0.59453125 0.165625 0.20625
1 0.415625 0.85546875 0.165625 0.20625
1 0.7171875 0.828125 0.14375 0.19375
1 0.93203125 0.84296875 0.1328125 0.20625
1 0.8078125 0.92734375 0.153125 0.14140625
1 0.0671875 0.8 0.134375 0.21640625
1 0.07578125 0.92109375 0.1421875 0.15390625
1 0.3125 0.25625 0.14375 0.20859375
1 0.08828125 0.25390625 0.1453125 0.1625
1 0.91484375 0.18359375 0.1640625 0.20859375
1 0.92578125 0.50859375 0.1453125 0.20859375
1 0.67734375 0.125 0.1453125 0.20859375
1 0.33828125 0.46640625 0.1453125 0.20859375
1 0.49375 0.08515625 0.178125 0.1703125
1 0.4453125 0.27421875 0.178125 0.17265625
1 0.19609375 0.39296875 0.1796875 0.18984375
1 0.8390625 0.37421875 0.175 0.20625
1 0.6484375 0.27421875 0.15 0.18125