1 0.80234375 0.4875 0.1765625 0.203125
1 0.71953125 0.4 0.1765625 0.203125
1 0.65703125 0.81640625 0.1765625 0.203125
1 0.890625 0.728125 0.184375 0.234375
1 0.809375 0.74609375 0.159375 0.215625
1 0.36015625 0.54765625 0.1765625 0.203125
1 0.52109375 0.15390625 0.1765625 0.203125
1 0.91015625 0.2625 0.1765625 0.203125
1 0.44453125 0.83515625 0.1765625 0.203125
1 0.12265625 0.80859375 0.1765625 0.203125
1 0.11953125 0.25390625 0.1765625 0.203125
1 0.27578125 0.31640625 0.1765625 0.203125
1 0.15703125 0.10390625 0.1296875 0.203125
1 0.1890625 0.59765625 0.225 0.25
1 0.696875 0.08046875 0.15 0.15625
2 0.3109375 0.10859375 0.18125 0.2125
0 0.58828125 0.79375 0.0546875 0.0625