1 0.22890625 0.60390625 0.1671875 0.18359375
1 0.13671875 0.90625 0.1671875 0.18359375
1 0.47578125 0.14296875 0.1671875 0.18515625
1 0.81328125 0.80078125 0.1734375 0.25234375
1 0.67421875 0.25 0.1734375 0.25390625
1 0.70234375 0.91484375 0.1671875 0.16640625
1 0.1765625 0.36796875 0.15 0.16015625
1 0.23671875 0.16328125 0.1765625 0.23515625
1 0.803125 0.31796875 0.140625 0.24375
1 0.2671875 0.3625 0.146875 0.175
1 0.06328125 0.68515625 0.1265625 0.25859375
2 0.43359375 0.69765625 0.3703125 0.4625