1 0.19921875 0.46640625 0.190625 0.215625
1 0.28828125 0.38515625 0.190625 0.215625
1 0.32109375 0.8046875 0.190625 0.215625
1 0.096875 0.7 0.19375 0.246875
1 0.17421875 0.72421875 0.1734375 0.2265625
1 0.6359375 0.55703125 0.190625 0.215625
1 0.503125 0.153125 0.190625 0.215625
1 0.10703125 0.234375 0.190625 0.215625
1 0.53203125 0.83828125 0.190625 0.215625
1 0.8546875 0.834375 0.190625 0.215625
1 0.896875 0.28125 0.190625 0.215625
1 0.73671875 0.3328125 0.190625 0.215625
1 0.86953125 0.12890625 0.14375 0.2125
1 0.803125 0.61875 0.2421875 0.265625
1 0.33203125 0.075 0.1609375 0.15
2 0.715625 0.12265625 0.1953125 0.225
0 0.39140625 0.78671875 0.059375 0.065625