1 0.12109375 0.775 0.1828125 0.24609375
1 0.53203125 0.25078125 0.1484375 0.21484375
1 0.35703125 0.13359375 0.1921875 0.19609375
1 0.67265625 0.20859375 0.1671875 0.2
1 0.63984375 0.89609375 0.1671875 0.2
1 0.68828125 0.54375 0.1671875 0.2
1 0.68046875 0.44375 0.1671875 0.2
1 0.87109375 0.26953125 0.1703125 0.26875
1 0.240625 0.16640625 0.146875 0.22109375
1 0.3546875 0.82265625 0.146875 0.22109375
1 0.76796875 0.75234375 0.1796875 0.21640625
0 0.56796875 0.68203125 0.0578125 0.06484375
0 0.5015625 0.80390625 0.05625 0.07890625
0 0.140625 0.23046875 0.065625 0.08515625
2 0.26875 0.50390625 0.35625 0.48359375