1 0.7078125 0.30625 0.215625 0.20859375
1 0.68828125 0.43984375 0.1796875 0.2
1 0.25234375 0.35390625 0.1921875 0.2125
1 0.2828125 0.81796875 0.1625 0.20625
1 0.32265625 0.89453125 0.1453125 0.20625
1 0.10546875 0.59375 0.1703125 0.24140625
1 0.56171875 0.72890625 0.1703125 0.24140625
1 0.90703125 0.33515625 0.1578125 0.24609375
1 0.84609375 0.60234375 0.1578125 0.2375
1 0.64609375 0.66015625 0.1578125 0.2375
1 0.48984375 0.24140625 0.1578125 0.2375
1 0.48125 0.4875 0.1875 0.25390625
2 0.6625 0.109375 0.44375 0.21875
1 0.24140625 0.10078125 0.1453125 0.2015625
1 0.28203125 0.2375 0.1453125 0.20390625
1 0.834375 0.8875 0.171875 0.22109375