2 0.69296875 0.59765625 0.2890625 0.384375
0 0.8046875 0.73203125 0.0640625 0.0671875
0 0.7625 0.04375 0.0640625 0.0625
0 0.35859375 0.43671875 0.0640625 0.0671875
1 0.88984375 0.45390625 0.1859375 0.2
1 0.909375 0.525 0.18125 0.2
1 0.475 0.38828125 0.1703125 0.2
1 0.40234375 0.25703125 0.1703125 0.2
1 0.4984375 0.1515625 0.19375 0.225
1 0.21953125 0.2140625 0.2265625 0.228125
1 0.1859375 0.4046875 0.18125 0.2578125
1 0.059375 0.8484375 0.11875 0.259375
1 0.24375 0.875 0.2171875 0.23125
1 0.46328125 0.90078125 0.1921875 0.1984375
1 0.3234375 0.61171875 0.1734375 0.2171875
1 0.92734375 0.184375 0.1453125 0.2875