1 0.26484375 0.80234375 0.1734375 0.17109375
1 0.08671875 0.74609375 0.1734375 0.17109375
1 0.47421875 0.88671875 0.1234375 0.20625
1 0.10703125 0.29296875 0.1890625 0.21875
1 0.22421875 0.453125 0.1890625 0.21875
1 0.87265625 0.465625 0.1890625 0.21875
1 0.76640625 0.43828125 0.1890625 0.21875
1 0.52265625 0.50546875 0.1515625 0.16875
1 0.14375 0.096875 0.190625 0.19375
1 0.8921875 0.24765625 0.128125 0.21640625
1 0.91640625 0.81796875 0.1609375 0.25625
1 0.6828125 0.92265625 0.15625 0.15
0 0.36796875 0.19375 0.0609375 0.0875
0 0.84296875 0.12421875 0.0671875 0.10234375
2 0.55234375 0.17890625 0.3234375 0.3578125