1 0.80390625 0.70234375 0.23125 0.28125
1 0.778125 0.38046875 0.2109375 0.28125
1 0.24609375 0.55703125 0.18125 0.2390625
1 0.471875 0.84140625 0.18125 0.2390625
1 0.73984375 0.9125 0.1921875 0.175
1 0.11875 0.23203125 0.190625 0.2359375
1 0.3515625 0.3765625 0.1921875 0.2359375
1 0.2921875 0.20703125 0.209375 0.23125
1 0.4671875 0.22109375 0.209375 0.23125
1 0.92890625 0.378125 0.1421875 0.23125
1 0.6453125 0.8046875 0.1859375 0.23125
1 0.30625 0.08359375 0.16875 0.1671875
1 0.08046875 0.78125 0.1609375 0.240625
1 0.36015625 0.6375 0.15625 0.2921875
1 0.67890625 0.17734375 0.19375 0.2390625
1 0.10390625 0.4625 0.19375 0.2390625
1 0.94609375 0.1625 0.1078125 0.1875
0 0.79765625 0.1046875 0.103125 0.1234375
0 0.559375 0.14921875 0.0625 0.05625
2 0.55625 0.49765625 0.4515625 0.5109375