1 0.52578125 0.76015625 0.1828125 0.23359375
1 0.6734375 0.48359375 0.184375 0.175
1 0.78046875 0.834375 0.1671875 0.19375
1 0.86796875 0.43671875 0.1640625 0.22734375
1 0.85703125 0.725 0.1578125 0.19140625
1 0.72578125 0.928125 0.1453125 0.13984375
1 0.15546875 0.834375 0.1296875 0.20234375
1 0.39296875 0.34296875 0.1546875 0.19765625
1 0.83671875 0.11171875 0.1546875 0.19765625
1 0.6546875 0.290625 0.184375 0.19375
1 0.12109375 0.121875 0.1546875 0.19765625
1 0.2296875 0.30390625 0.1625 0.1875
1 0.43515625 0.109375 0.1609375 0.20625
1 0.590625 0.08125 0.16875 0.1625
1 0.26953125 0.10234375 0.1484375 0.20390625
1 0.08203125 0.49921875 0.1640625 0.18515625
2 0.3203125 0.67109375 0.278125 0.3875