1 0.590625 0.58671875 0.16875 0.2265625
1 0.359375 0.68515625 0.16875 0.2265625
1 0.4375 0.68046875 0.16875 0.2265625
1 0.4859375 0.85546875 0.1796875 0.2203125
1 0.23359375 0.825 0.1796875 0.2203125
1 0.109375 0.853125 0.1765625 0.21875
1 0.65390625 0.90078125 0.1640625 0.1828125
1 0.709375 0.8703125 0.1640625 0.1828125
1 0.7421875 0.81328125 0.1640625 0.1828125
1 0.80234375 0.76484375 0.1640625 0.1828125
1 0.8359375 0.71953125 0.1640625 0.1828125
1 0.8640625 0.68515625 0.1640625 0.1828125
1 0.75546875 0.4796875 0.1640625 0.1828125
1 0.80859375 0.4921875 0.1640625 0.1828125
1 0.86640625 0.5140625 0.1640625 0.1828125
1 0.66640625 0.278125 0.1734375 0.2296875
1 0.07421875 0.37109375 0.1484375 0.2296875
1 0.18125 0.27734375 0.175 0.2296875
1 0.33515625 0.31015625 0.146875 0.1796875
1 0.56640625 0.10234375 0.146875 0.1796875
1 0.91953125 0.334375 0.146875 0.1796875
2 0.84609375 0.13828125 0.24375 0.275
1 0.43203125 0.49296875 0.16875 0.2265625
1 0.3 0.20703125 0.16875 0.2265625
0 0.2546875 0.0734375 0.053125 0.0625