2 0.20859375 0.6375 0.3234375 0.4125
1 0.4875 0.70078125 0.18125 0.22734375
1 0.71875 0.73515625 0.175 0.275
1 0.66640625 0.31015625 0.1828125 0.30390625
1 0.225 0.296875 0.171875 0.18984375
1 0.4015625 0.853125 0.171875 0.18984375
1 0.58046875 0.91015625 0.1703125 0.175
1 0.94609375 0.45703125 0.1015625 0.25234375
1 0.803125 0.23828125 0.153125 0.24375
1 0.92421875 0.19765625 0.1421875 0.2
1 0.85703125 0.559375 0.1546875 0.23125
1 0.37578125 0.13359375 0.1796875 0.22109375
1 0.25234375 0.17890625 0.1796875 0.22109375
1 0.7875 0.91875 0.15625 0.15859375
1 0.5828125 0.91484375 0.15625 0.15859375