2 0.23203125 0.515625 0.2609375 0.30625
0 0.71484375 0.35390625 0.0921875 0.0796875
1 0.48828125 0.7078125 0.20625 0.253125
1 0.425 0.81328125 0.146875 0.2078125
1 0.65546875 0.6 0.171875 0.1921875
1 0.7671875 0.59453125 0.2078125 0.2078125
1 0.446875 0.49375 0.2109375 0.240625
1 0.4 0.34765625 0.2109375 0.240625
1 0.28203125 0.2453125 0.2109375 0.240625
1 0.4546875 0.13359375 0.2109375 0.240625
1 0.66484375 0.1296875 0.2109375 0.240625
1 0.8984375 0.64296875 0.2015625 0.196875
1 0.9125 0.74453125 0.175 0.2078125
1 0.7765625 0.8546875 0.184375 0.221875
1 0.2453125 0.85625 0.228125 0.2734375
1 0.140625 0.77421875 0.196875 0.2578125
1 0.08046875 0.6515625 0.1609375 0.26875
1 0.0671875 0.51484375 0.134375 0.2703125
1 0.05625 0.39296875 0.1125 0.2234375
1 0.0515625 0.29765625 0.103125 0.2234375
1 0.06953125 0.196875 0.1390625 0.228125
1 0.06015625 0.10703125 0.1203125 0.1328125
1 0.44140625 0.9484375 0.1546875 0.103125
1 0.5421875 0.91953125 0.15625 0.1609375