1 0.2859375 0.578125 0.159375 0.21875
1 0.5171875 0.60703125 0.159375 0.21875
1 0.5578125 0.82578125 0.159375 0.21875
1 0.38359375 0.74921875 0.1484375 0.20234375
1 0.25078125 0.86171875 0.1484375 0.20234375
1 0.30390625 0.371875 0.1484375 0.20234375
1 0.41015625 0.19375 0.1703125 0.2
1 0.46484375 0.40234375 0.1703125 0.2
1 0.87421875 0.33828125 0.1703125 0.23984375
1 0.87734375 0.85546875 0.1703125 0.23984375
1 0.74375 0.703125 0.2125 0.22734375
1 0.15234375 0.28046875 0.1703125 0.23984375
1 0.11953125 0.49453125 0.1703125 0.23984375
2 0.66328125 0.134375 0.3484375 0.26875