1 0.6375 0.1796875 0.2328125 0.2625
1 0.54296875 0.775 0.2328125 0.2625
1 0.5015625 0.39140625 0.16875 0.1953125
1 0.490625 0.10859375 0.2 0.2171875
1 0.14765625 0.18046875 0.1703125 0.209375
1 0.23125 0.45625 0.1703125 0.209375
1 0.0578125 0.6421875 0.115625 0.209375
1 0.91171875 0.44609375 0.1703125 0.209375
1 0.86015625 0.75 0.225 0.265625
1 0.6640625 0.8984375 0.24375 0.203125
1 0.1734375 0.3125 0.1796875 0.20625
1 0.3203125 0.1109375 0.184375 0.2015625
0 0.58125 0.48515625 0.0859375 0.0921875
2 0.3078125 0.70390625 0.3078125 0.3671875