1 0.75546875 0.32734375 0.1703125 0.19609375
1 0.59140625 0.34453125 0.1578125 0.18984375
1 0.69140625 0.85546875 0.1578125 0.18984375
1 0.15078125 0.153125 0.1890625 0.26015625
1 0.52265625 0.11484375 0.2296875 0.22890625
1 0.35234375 0.51953125 0.1734375 0.19375
1 0.41171875 0.734375 0.1234375 0.17265625
1 0.57109375 0.809375 0.1546875 0.16484375
1 0.88359375 0.78828125 0.1859375 0.23515625
1 0.45390625 0.31484375 0.1703125 0.22109375
1 0.73359375 0.15078125 0.1578125 0.23125
2 0.5328125 0.61328125 0.2125 0.24765625