1 0.39375 0.728125 0.2125 0.22265625
1 0.54609375 0.875 0.1421875 0.2125
1 0.82578125 0.84453125 0.1640625 0.21875
1 0.66796875 0.746875 0.1640625 0.21875
1 0.69296875 0.540625 0.1640625 0.21875
1 0.5625 0.20078125 0.184375 0.22265625
1 0.3796875 0.35078125 0.184375 0.25625
1 0.6703125 0.38984375 0.178125 0.22890625
1 0.36953125 0.1125 0.1890625 0.225
1 0.1828125 0.1125 0.20625 0.1375
1 0.9125 0.21875 0.171875 0.17109375
1 0.92265625 0.34140625 0.1515625 0.20390625
1 0.85546875 0.06875 0.1484375 0.1375
1 0.65703125 0.06875 0.1484375 0.1375
2 0.14921875 0.54921875 0.2984375 0.42265625
0 0.284375 0.71015625 0.06875 0.09140625