2 0.31796875 0.37265625 0.2359375 0.29609375
1 0.21328125 0.58359375 0.1703125 0.2125
1 0.54296875 0.61953125 0.1421875 0.25234375
1 0.484375 0.63359375 0.109375 0.25
1 0.434375 0.68359375 0.109375 0.25
1 0.3953125 0.72109375 0.109375 0.25
1 0.35 0.72890625 0.109375 0.25
1 0.77421875 0.56015625 0.1703125 0.2125
1 0.69453125 0.53515625 0.1703125 0.2125
1 0.81484375 0.73515625 0.1703125 0.2125
1 0.94765625 0.79453125 0.1015625 0.21484375
1 0.9421875 0.28359375 0.1125 0.2
1 0.9140625 0.175 0.16875 0.20390625
1 0.63515625 0.26796875 0.1796875 0.23125
1 0.55390625 0.09375 0.1828125 0.1875
1 0.63203125 0.88203125 0.1796875 0.23125
1 0.36015625 0.903125 0.1703125 0.18984375
1 0.17890625 0.15703125 0.1484375 0.22734375
1 0.38046875 0.09140625 0.1453125 0.1828125