1 0.42734375 0.578125 0.1546875 0.18984375
1 0.81484375 0.54375 0.1234375 0.16640625
1 0.64296875 0.48515625 0.1703125 0.22109375
1 0.60703125 0.87734375 0.1703125 0.22109375
1 0.42890625 0.84140625 0.1703125 0.22109375
1 0.675 0.68203125 0.171875 0.20625
1 0.728125 0.16171875 0.1375 0.19375
1 0.8921875 0.69921875 0.178125 0.19765625
1 0.11640625 0.25234375 0.1671875 0.20390625
1 0.27109375 0.24921875 0.1546875 0.18984375
1 0.42890625 0.14609375 0.1609375 0.22109375
1 0.58671875 0.271875 0.1578125 0.24375
1 0.93125 0.21171875 0.134375 0.26015625
1 0.29921875 0.06640625 0.1546875 0.1328125
2 0.1703125 0.646875 0.340625 0.46015625