1 0.53671875 0.89453125 0.2328125 0.2109375
1 0.71796875 0.328125 0.2015625 0.2109375
1 0.9234375 0.40390625 0.153125 0.2078125
1 0.53046875 0.4890625 0.1609375 0.2125
1 0.365625 0.9046875 0.153125 0.190625
1 0.42734375 0.69375 0.146875 0.1875
1 0.09765625 0.1265625 0.1953125 0.203125
1 0.25390625 0.603125 0.1640625 0.190625
1 0.92578125 0.59375 0.1484375 0.190625
1 0.946875 0.77890625 0.10625 0.1890625
1 0.6296875 0.4828125 0.1359375 0.1671875
2 0.41640625 0.23984375 0.24375 0.284375
0 0.42734375 0.43828125 0.0515625 0.0640625
0 0.82109375 0.45859375 0.0515625 0.0640625