1 0.8828125 0.57734375 0.178125 0.225
1 0.7484375 0.5765625 0.1140625 0.2359375
1 0.6234375 0.4296875 0.1796875 0.2296875
1 0.53515625 0.18359375 0.190625 0.221875
1 0.06796875 0.59453125 0.1359375 0.1921875
1 0.54296875 0.725 0.1375 0.1921875
1 0.66640625 0.87890625 0.1375 0.1921875
1 0.93515625 0.36796875 0.121875 0.2078125
1 0.21171875 0.9 0.1578125 0.2
1 0.1703125 0.72734375 0.1765625 0.196875
2 0.14453125 0.29296875 0.2890625 0.4078125
0 0.93046875 0.07890625 0.0703125 0.0703125
1 0.55703125 0.2546875 0.15625 0.15
1 0.359375 0.48984375 0.18125 0.153125