1 0.44140625 0.3109375 0.1953125 0.2234375
1 0.3 0.1359375 0.2 0.271875
1 0.81484375 0.2703125 0.1953125 0.2234375
1 0.7109375 0.2546875 0.1953125 0.2234375
1 0.87265625 0.4640625 0.1796875 0.228125
1 0.83515625 0.56328125 0.171875 0.2046875
1 0.7953125 0.81484375 0.171875 0.2046875
1 0.71875 0.78046875 0.171875 0.2046875
1 0.6640625 0.5578125 0.184375 0.228125
1 0.078125 0.4875 0.15625 0.21875
1 0.06171875 0.86015625 0.1234375 0.2140625
1 0.52109375 0.48984375 0.1671875 0.21875
2 0.35 0.7828125 0.40625 0.434375