2 0.49453125 0.62734375 0.3234375 0.3859375
1 0.44921875 0.13984375 0.2734375 0.2703125
1 0.38125 0.38984375 0.2328125 0.2828125
1 0.1265625 0.375 0.2328125 0.2828125
1 0.221875 0.490625 0.2328125 0.2828125
1 0.28828125 0.63125 0.2328125 0.2828125
1 0.2109375 0.6953125 0.1984375 0.2421875
1 0.2390625 0.80390625 0.1984375 0.2421875
1 0.29609375 0.88671875 0.1984375 0.2265625
1 0.1609375 0.83515625 0.1984375 0.2421875
1 0.846875 0.0921875 0.175 0.184375
1 0.69296875 0.09453125 0.2359375 0.1890625
1 0.15 0.1890625 0.2578125 0.2765625
0 0.25390625 0.1078125 0.09375 0.1328125
0 0.728125 0.8640625 0.0796875 0.084375
1 0.58046875 0.3203125 0.2 0.25625
1 0.859375 0.340625 0.2 0.25625
1 0.9328125 0.83203125 0.134375 0.1734375
1 0.828125 0.86015625 0.16875 0.1734375
1 0.95 0.76015625 0.1 0.2109375