1 0.86640625 0.30546875 0.1734375 0.20625
1 0.56171875 0.35390625 0.2171875 0.2078125
1 0.56484375 0.68203125 0.2640625 0.315625
1 0.33671875 0.27734375 0.1875 0.2390625
1 0.83671875 0.61328125 0.196875 0.2265625
1 0.20390625 0.47578125 0.1921875 0.25625
1 0.33359375 0.94921875 0.1703125 0.1015625
1 0.7375 0.4046875 0.25625 0.2953125
0 0.72109375 0.11796875 0.2890625 0.2359375
0 0.63671875 0.57265625 0.0984375 0.1109375
0 0.4375 0.565625 0.0984375 0.103125
0 0.7921875 0.8359375 0.0734375 0.075
1 0.25859375 0.2875 0.1875 0.2390625
1 0.740625 0.6140625 0.209375 0.2578125