1 0.4375 0.84296875 0.1875 0.228125
1 0.396875 0.2421875 0.1875 0.228125
1 0.5234375 0.60625 0.134375 0.1703125
1 0.59921875 0.89140625 0.1546875 0.2171875
1 0.915625 0.73203125 0.1328125 0.1859375
1 0.77109375 0.48203125 0.1328125 0.1859375
1 0.92578125 0.2546875 0.1328125 0.1859375
1 0.1109375 0.6453125 0.1328125 0.1859375
1 0.09296875 0.3375 0.178125 0.234375
1 0.24296875 0.11640625 0.1984375 0.2328125
1 0.8609375 0.609375 0.14375 0.1796875
1 0.7625 0.83828125 0.15 0.1734375
0 0.42421875 0.5328125 0.0703125 0.078125
2 0.64140625 0.2578125 0.24375 0.3234375