1 0.27734375 0.50390625 0.2046875 0.178125
1 0.25703125 0.771875 0.1890625 0.240625
1 0.07734375 0.753125 0.1515625 0.240625
1 0.484375 0.80390625 0.1625 0.215625
1 0.6265625 0.16640625 0.1625 0.190625
1 0.4984375 0.1875 0.11875 0.178125
1 0.39296875 0.259375 0.1578125 0.209375
1 0.28359375 0.19296875 0.1953125 0.184375
1 0.22578125 0.29296875 0.1953125 0.184375
1 0.928125 0.13515625 0.14375 0.215625
1 0.7984375 0.76484375 0.1875 0.178125
1 0.61796875 0.928125 0.1890625 0.14375
1 0.053125 0.515625 0.103125 0.228125
2 0.628125 0.478125 0.3875 0.490625
0 0.92734375 0.35859375 0.0734375 0.075