1 0.2796875 0.89609375 0.209375 0.2078125
1 0.1265625 0.43046875 0.1890625 0.215625
1 0.56015625 0.15078125 0.1890625 0.215625
1 0.17265625 0.2046875 0.1890625 0.215625
1 0.39140625 0.559375 0.196875 0.253125
1 0.68203125 0.3703125 0.196875 0.253125
1 0.87734375 0.246875 0.196875 0.253125
1 0.93203125 0.52734375 0.1359375 0.2453125
1 0.19375 0.66484375 0.171875 0.2390625
1 0.4953125 0.5109375 0.196875 0.253125
1 0.4453125 0.3359375 0.196875 0.253125
1 0.37109375 0.1703125 0.19375 0.23125
2 0.65546875 0.6984375 0.4203125 0.4875
0 0.70859375 0.07265625 0.08125 0.071875