2 0.703125 0.78984375 0.228125 0.275
1 0.40078125 0.32421875 0.203125 0.2703125
1 0.5421875 0.28203125 0.1921875 0.215625
1 0.47890625 0.45234375 0.1921875 0.215625
1 0.49609375 0.50625 0.1921875 0.215625
1 0.9078125 0.46796875 0.184375 0.2796875
1 0.91796875 0.58046875 0.1640625 0.2390625
1 0.80078125 0.609375 0.171875 0.2390625
1 0.76328125 0.540625 0.171875 0.2390625
1 0.7078125 0.51171875 0.171875 0.2390625
1 0.6421875 0.45625 0.171875 0.2390625
1 0.921875 0.24609375 0.15625 0.2390625
1 0.86875 0.221875 0.171875 0.2390625
1 0.734375 0.17421875 0.171875 0.2390625
1 0.15390625 0.83125 0.165625 0.20625
1 0.06640625 0.68125 0.1328125 0.20625
1 0.14296875 0.18203125 0.165625 0.20625
1 0.125 0.31953125 0.1921875 0.2359375
1 0.14765625 0.39765625 0.1921875 0.2359375
1 0.22734375 0.06171875 0.1796875 0.1234375
1 0.32421875 0.07890625 0.1796875 0.1578125
1 0.33828125 0.10703125 0.1796875 0.1828125
1 0.86328125 0.87421875 0.1875 0.2421875
1 0.5078125 0.9515625 0.159375 0.096875
1 0.32578125 0.7171875 0.2125 0.2484375
1 0.296875 0.57578125 0.2125 0.2484375
1 0.22578125 0.528125 0.2125 0.2484375
0 0.28046875 0.23515625 0.08125 0.10625
0 0.64921875 0.18984375 0.0640625 0.0859375
1 0.0796875 0.5421875 0.159375 0.23125