1 0.6546875 0.48828125 0.1625 0.2109375
1 0.3625 0.4609375 0.1625 0.2109375
1 0.2734375 0.4328125 0.1625 0.2109375
1 0.33125 0.19375 0.1828125 0.2421875
1 0.5328125 0.33203125 0.1828125 0.2421875
1 0.65234375 0.12578125 0.1734375 0.2109375
1 0.80859375 0.07109375 0.1921875 0.1421875
1 0.728125 0.821875 0.2109375 0.284375
1 0.9140625 0.28671875 0.1609375 0.2109375
1 0.12890625 0.571875 0.1625 0.2109375
1 0.40859375 0.09375 0.146875 0.18125
1 0.83515625 0.415625 0.171875 0.1875
1 0.9109375 0.61953125 0.1765625 0.2015625
1 0.88984375 0.90625 0.175 0.15625
2 0.53203125 0.70859375 0.275 0.2875