1 0.36015625 0.70234375 0.215625 0.228125
1 0.2234375 0.50859375 0.2359375 0.28125
1 0.33515625 0.34296875 0.215625 0.2578125
1 0.459375 0.4140625 0.2015625 0.225
1 0.29609375 0.1328125 0.2015625 0.2234375
1 0.4515625 0.89609375 0.215625 0.2078125
1 0.66484375 0.89453125 0.2015625 0.1875
1 0.13359375 0.184375 0.2203125 0.2546875
1 0.15390625 0.884375 0.1921875 0.23125
1 0.59609375 0.2125 0.1921875 0.2515625
1 0.78203125 0.19140625 0.1921875 0.2515625
1 0.87421875 0.2828125 0.1921875 0.2515625
2 0.79609375 0.5859375 0.4078125 0.453125