2 0.53359375 0.165625 0.2734375 0.33125
1 0.4203125 0.465625 0.14375 0.19765625
1 0.59140625 0.70703125 0.1609375 0.21015625
1 0.39609375 0.74453125 0.1609375 0.21015625
1 0.0828125 0.71171875 0.165625 0.25625
1 0.30546875 0.371875 0.1671875 0.25625
1 0.05390625 0.32578125 0.1078125 0.24765625
1 0.06328125 0.47421875 0.1265625 0.18125
1 0.2015625 0.59453125 0.128125 0.18125
1 0.29140625 0.92421875 0.1828125 0.14765625
1 0.33828125 0.56328125 0.1609375 0.21015625
1 0.26328125 0.06953125 0.1578125 0.1390625
1 0.3609375 0.06171875 0.125 0.12265625
1 0.684375 0.44921875 0.1625 0.20625
1 0.7375 0.47890625 0.1 0.15
1 0.9296875 0.48359375 0.134375 0.21640625
1 0.9 0.58125 0.134375 0.21640625
1 0.9296875 0.875 0.134375 0.24609375
1 0.93046875 0.10703125 0.1359375 0.2140625
1 0.81484375 0.25625 0.1890625 0.275
1 0.690625 0.26484375 0.18125 0.22109375
1 0.509375 0.80859375 0.190625 0.25390625