1 0.21171875 0.93984375 0.1828125 0.1203125
1 0.09453125 0.26640625 0.1890625 0.2359375
1 0.2109375 0.4359375 0.1921875 0.278125
1 0.3484375 0.53671875 0.1609375 0.275
1 0.33671875 0.265625 0.2 0.2359375
1 0.49921875 0.27109375 0.2265625 0.2375
1 0.4390625 0.10546875 0.225 0.2109375
1 0.5171875 0.52265625 0.25625 0.2921875
1 0.72578125 0.19140625 0.1828125 0.21875
1 0.896875 0.5671875 0.1828125 0.21875
1 0.540625 0.88671875 0.196875 0.2265625
1 0.7421875 0.79453125 0.2015625 0.2484375
1 0.8734375 0.21171875 0.171875 0.20625
2 0.1265625 0.7171875 0.253125 0.425