1 0.7703125 0.1625 0.2 0.221875
1 0.5171875 0.54609375 0.184375 0.1703125
1 0.603125 0.3453125 0.165625 0.2234375
1 0.6640625 0.6703125 0.1890625 0.228125
1 0.69296875 0.9 0.1859375 0.19375
1 0.12890625 0.128125 0.1953125 0.234375
1 0.08046875 0.34296875 0.1609375 0.2015625
1 0.115625 0.82578125 0.2015625 0.215625
1 0.2515625 0.92890625 0.175 0.1421875
1 0.421875 0.92578125 0.175 0.1484375
1 0.875 0.7234375 0.1734375 0.225
1 0.56953125 0.26328125 0.1734375 0.225
1 0.334375 0.2 0.165625 0.1828125
1 0.38828125 0.78125 0.2046875 0.2609375
1 0.93671875 0.603125 0.1265625 0.20625
1 0.0796875 0.640625 0.15625 0.1984375
0 0.46171875 0.1359375 0.0890625 0.103125
0 0.86875 0.46640625 0.103125 0.1375
2 0.2484375 0.49375 0.3421875 0.4234375